# This file was generated by Animated Java via MC-Build. It is not recommended to edit this file directly.
$data merge entity $(bone_head) {transformation: [-0.9397f,0.074f,-0.3339f,0f,0f,0.9763f,0.2164f,1.4375f,0.342f,0.2034f,-0.9174f,0f,0f,0f,0f,1f],start_interpolation: 0,interpolation_duration: 1}
$data merge entity $(bone_right_arm) {transformation: [-0.4243f,-0.9048f,0.0359f,-0.3125f,-0.5751f,0.2386f,-0.7825f,1.3125f,0.6994f,-0.3527f,-0.6216f,0f,0f,0f,0f,1f],start_interpolation: 0,interpolation_duration: 1}
$data merge entity $(bone_left_arm) {transformation: [-0.5096f,0.8563f,0.0839f,0.3125f,0.6332f,0.4393f,-0.6373f,1.3125f,-0.5826f,-0.2717f,-0.766f,0f,0f,0f,0f,1f],start_interpolation: 0,interpolation_duration: 1}
$data merge entity $(bone_body) {transformation: [-1f,0f,0f,0f,0f,1f,0f,0.6875f,0f,0f,-1f,0f,0f,0f,0f,1f],start_interpolation: 0,interpolation_duration: 1}
$data merge entity $(bone_right_leg) {transformation: [-0.9917f,0.127f,-0.0221f,-0.1187f,0.1271f,0.9339f,-0.3341f,0.6875f,-0.0218f,-0.3341f,-0.9423f,0f,0f,0f,0f,1f],start_interpolation: 0,interpolation_duration: 1}
$data merge entity $(bone_left_leg) {transformation: [-0.9963f,-0.0838f,0.0167f,0.1188f,-0.0838f,0.9202f,-0.3823f,0.6875f,0.0167f,-0.3823f,-0.9239f,0f,0f,0f,0f,1f],start_interpolation: 0,interpolation_duration: 1}