# This file was generated by Animated Java via MC-Build. It is not recommended to edit this file directly.
$data merge entity $(bone_head) {transformation: [-0.9848f,0f,0.1736f,0f,0.0449f,0.9659f,0.2549f,1.5f,-0.1677f,0.2588f,-0.9513f,0f,0f,0f,0f,1f],start_interpolation: 0,interpolation_duration: 1}
$data merge entity $(bone_right_arm) {transformation: [-0.9848f,0.1736f,0f,-0.3125f,0.1656f,0.9392f,-0.3007f,1.375f,-0.0522f,-0.2961f,-0.9537f,0f,0f,0f,0f,1f],start_interpolation: 0,interpolation_duration: 1}
$data merge entity $(bone_left_arm) {transformation: [-0.9659f,-0.2468f,0.0778f,0.3125f,-0.2588f,0.9212f,-0.2905f,1.375f,0f,-0.3007f,-0.9537f,0f,0f,0f,0f,1f],start_interpolation: 0,interpolation_duration: 1}
$data merge entity $(bone_body) {transformation: [-1f,0f,0f,0f,0f,1f,0f,0.75f,0f,0f,-1f,0f,0f,0f,0f,1f],start_interpolation: 0,interpolation_duration: 1}
$data merge entity $(bone_right_leg) {transformation: [-0.9962f,0.0872f,0f,-0.1187f,0.0262f,0.2996f,-0.9537f,0.75f,-0.0831f,-0.9501f,-0.3007f,0f,0f,0f,0f,1f],start_interpolation: 0,interpolation_duration: 1}
$data merge entity $(bone_left_leg) {transformation: [-0.9962f,-0.0872f,0f,0.1188f,-0.0226f,0.2578f,-0.9659f,0.75f,0.0842f,-0.9623f,-0.2588f,0f,0f,0f,0f,1f],start_interpolation: 0,interpolation_duration: 1}