# This file was generated by Animated Java via MC-Build. It is not recommended to edit this file directly.
$data merge entity $(bone_head) {transformation: [-0.9849f,0f,0.1729f,0f,0.0447f,0.9659f,0.2548f,1.5f,-0.167f,0.2587f,-0.9514f,0f,0f,0f,0f,1f],start_interpolation: 0,interpolation_duration: 1}
$data merge entity $(bone_right_arm) {transformation: [-0.9848f,0.1739f,-0.0001f,-0.3125f,0.1659f,0.9391f,-0.301f,1.375f,-0.0523f,-0.2964f,-0.9536f,0f,0f,0f,0f,1f],start_interpolation: 0,interpolation_duration: 1}
$data merge entity $(bone_left_arm) {transformation: [-0.9659f,-0.2468f,0.0776f,0.3125f,-0.2588f,0.9212f,-0.2907f,1.375f,0.0003f,-0.3009f,-0.9537f,0f,0f,0f,0f,1f],start_interpolation: 0,interpolation_duration: 1}