# This file was generated by Animated Java via MC-Build. It is not recommended to edit this file directly.
$data merge entity $(bone_head) {transformation: [-0.9952f,0.0006f,0.0977f,0f,0.0251f,0.968f,0.2495f,1.5f,-0.0944f,0.2508f,-0.9634f,0f,0f,0f,0f,1f],start_interpolation: 0,interpolation_duration: 1}
$data merge entity $(bone_right_arm) {transformation: [-0.9797f,0.2006f,-0.0055f,-0.3125f,0.1914f,0.9258f,-0.3259f,1.375f,-0.0602f,-0.3203f,-0.9454f,0f,0f,0f,0f,1f],start_interpolation: 0,interpolation_duration: 1}
$data merge entity $(bone_left_arm) {transformation: [-0.9672f,-0.2473f,0.0579f,0.3125f,-0.2528f,0.9155f,-0.3129f,1.375f,0.0244f,-0.3173f,-0.948f,0f,0f,0f,0f,1f],start_interpolation: 0,interpolation_duration: 1}