# This file was generated by Animated Java via MC-Build. It is not recommended to edit this file directly.
$data merge entity $(bone_head) {transformation: [-0.9686f,-0.0112f,-0.2484f,0f,-0.0505f,0.987f,0.1523f,1.5f,0.2434f,0.1601f,-0.9566f,0f,0f,0f,0f,1f],start_interpolation: 0,interpolation_duration: 1}
$data merge entity $(bone_right_arm) {transformation: [-0.9554f,0.2929f,-0.0368f,-0.3125f,0.2815f,0.8666f,-0.4119f,1.375f,-0.0887f,-0.404f,-0.9105f,0f,0f,0f,0f,1f],start_interpolation: 0,interpolation_duration: 1}
$data merge entity $(bone_left_arm) {transformation: [-0.9661f,-0.2572f,-0.0223f,0.3125f,-0.2273f,0.8882f,-0.3993f,1.375f,0.1225f,-0.3807f,-0.9166f,0f,0f,0f,0f,1f],start_interpolation: 0,interpolation_duration: 1}