# This file was generated by Animated Java via MC-Build. It is not recommended to edit this file directly.
$data merge entity $(bone_head) {transformation: [-0.9599f,-0.014f,-0.28f,0f,-0.0572f,0.9875f,0.1467f,1.5f,0.2744f,0.1568f,-0.9487f,0f,0f,0f,0f,1f],start_interpolation: 0,interpolation_duration: 1}
$data merge entity $(bone_right_arm) {transformation: [-0.9548f,0.2947f,-0.0377f,-0.3125f,0.2834f,0.8652f,-0.4137f,1.375f,-0.0893f,-0.4057f,-0.9096f,0f,0f,0f,0f,1f],start_interpolation: 0,interpolation_duration: 1}
$data merge entity $(bone_left_arm) {transformation: [-0.9658f,-0.2579f,-0.0254f,0.3125f,-0.2263f,0.887f,-0.4025f,1.375f,0.1263f,-0.383f,-0.9151f,0f,0f,0f,0f,1f],start_interpolation: 0,interpolation_duration: 1}