# This file was generated by Animated Java via MC-Build. It is not recommended to edit this file directly.
$data merge entity $(bone_head) {transformation: [-0.9502f,-0.0169f,-0.3113f,0f,-0.0637f,0.988f,0.1407f,1.5f,0.3052f,0.1535f,-0.9398f,0f,0f,0f,0f,1f],start_interpolation: 0,interpolation_duration: 1}
$data merge entity $(bone_right_arm) {transformation: [-0.9543f,0.2962f,-0.0384f,-0.3125f,0.2849f,0.864f,-0.4151f,1.375f,-0.0898f,-0.4071f,-0.909f,0f,0f,0f,0f,1f],start_interpolation: 0,interpolation_duration: 1}
$data merge entity $(bone_left_arm) {transformation: [-0.9656f,-0.2585f,-0.0282f,0.3125f,-0.2253f,0.8859f,-0.4054f,1.375f,0.1298f,-0.3851f,-0.9137f,0f,0f,0f,0f,1f],start_interpolation: 0,interpolation_duration: 1}