# This file was generated by Animated Java via MC-Build. It is not recommended to edit this file directly.
$data merge entity $(bone_head) {transformation: [-0.9395f,-0.0201f,-0.3421f,0f,-0.07f,0.9885f,0.1342f,1.5f,0.3355f,0.15f,-0.93f,0f,0f,0f,0f,1f],start_interpolation: 0,interpolation_duration: 1}
$data merge entity $(bone_right_arm) {transformation: [-0.954f,0.2973f,-0.0389f,-0.3125f,0.2859f,0.8632f,-0.4161f,1.375f,-0.0901f,-0.408f,-0.9085f,0f,0f,0f,0f,1f],start_interpolation: 0,interpolation_duration: 1}
$data merge entity $(bone_left_arm) {transformation: [-0.9654f,-0.259f,-0.0307f,0.3125f,-0.2245f,0.8849f,-0.4081f,1.375f,0.1329f,-0.387f,-0.9124f,0f,0f,0f,0f,1f],start_interpolation: 0,interpolation_duration: 1}