# This file was generated by Animated Java via MC-Build. It is not recommended to edit this file directly.
$data merge entity $(bone_head) {transformation: [-0.9278f,-0.0233f,-0.3722f,0f,-0.076f,0.9889f,0.1274f,1.5f,0.3651f,0.1465f,-0.9194f,0f,0f,0f,0f,1f],start_interpolation: 0,interpolation_duration: 1}
$data merge entity $(bone_right_arm) {transformation: [-0.9538f,0.2979f,-0.0392f,-0.3125f,0.2866f,0.8627f,-0.4167f,1.375f,-0.0904f,-0.4086f,-0.9082f,0f,0f,0f,0f,1f],start_interpolation: 0,interpolation_duration: 1}
$data merge entity $(bone_left_arm) {transformation: [-0.9652f,-0.2595f,-0.033f,0.3125f,-0.2237f,0.8841f,-0.4104f,1.375f,0.1356f,-0.3887f,-0.9113f,0f,0f,0f,0f,1f],start_interpolation: 0,interpolation_duration: 1}