# This file was generated by Animated Java via MC-Build. It is not recommended to edit this file directly.
$data merge entity $(bone_head) {transformation: [-0.9154f,-0.0268f,-0.4016f,0f,-0.0817f,0.9894f,0.1203f,1.5f,0.3941f,0.1429f,-0.9079f,0f,0f,0f,0f,1f],start_interpolation: 0,interpolation_duration: 1}
$data merge entity $(bone_right_arm) {transformation: [-0.9537f,0.2981f,-0.0392f,-0.3125f,0.2868f,0.8625f,-0.4169f,1.375f,-0.0904f,-0.4088f,-0.9081f,0f,0f,0f,0f,1f],start_interpolation: 0,interpolation_duration: 1}
$data merge entity $(bone_left_arm) {transformation: [-0.965f,-0.26f,-0.0349f,0.3125f,-0.2231f,0.8833f,-0.4123f,1.375f,0.138f,-0.3901f,-0.9104f,0f,0f,0f,0f,1f],start_interpolation: 0,interpolation_duration: 1}