# This file was generated by Animated Java via MC-Build. It is not recommended to edit this file directly.
$data merge entity $(bone_head) {transformation: [-0.9023f,-0.0303f,-0.43f,0f,-0.087f,0.9898f,0.1129f,1.5f,0.4222f,0.1393f,-0.8958f,0f,0f,0f,0f,1f],start_interpolation: 0,interpolation_duration: 1}
$data merge entity $(bone_right_arm) {transformation: [-0.9538f,0.2979f,-0.0391f,-0.3125f,0.2865f,0.8627f,-0.4166f,1.375f,-0.0903f,-0.4086f,-0.9082f,0f,0f,0f,0f,1f],start_interpolation: 0,interpolation_duration: 1}
$data merge entity $(bone_left_arm) {transformation: [-0.9648f,-0.2603f,-0.0364f,0.3125f,-0.2225f,0.8827f,-0.4139f,1.375f,0.1399f,-0.3913f,-0.9096f,0f,0f,0f,0f,1f],start_interpolation: 0,interpolation_duration: 1}