# This file was generated by Animated Java via MC-Build. It is not recommended to edit this file directly.
$data merge entity $(bone_head) {transformation: [-0.8887f,-0.0339f,-0.4573f,0f,-0.0919f,0.9902f,0.1053f,1.5f,0.4492f,0.1356f,-0.8831f,0f,0f,0f,0f,1f],start_interpolation: 0,interpolation_duration: 1}
$data merge entity $(bone_right_arm) {transformation: [-0.954f,0.2972f,-0.0388f,-0.3125f,0.2858f,0.8633f,-0.416f,1.375f,-0.0901f,-0.4079f,-0.9085f,0f,0f,0f,0f,1f],start_interpolation: 0,interpolation_duration: 1}
$data merge entity $(bone_left_arm) {transformation: [-0.9647f,-0.2606f,-0.0377f,0.3125f,-0.2221f,0.8822f,-0.4152f,1.375f,0.1414f,-0.3922f,-0.9089f,0f,0f,0f,0f,1f],start_interpolation: 0,interpolation_duration: 1}