# This file was generated by Animated Java via MC-Build. It is not recommended to edit this file directly.
$data merge entity $(bone_head) {transformation: [-0.8746f,-0.0376f,-0.4834f,0f,-0.0965f,0.9905f,0.0976f,1.5f,0.4752f,0.132f,-0.8699f,0f,0f,0f,0f,1f],start_interpolation: 0,interpolation_duration: 1}
$data merge entity $(bone_right_arm) {transformation: [-0.9544f,0.296f,-0.0383f,-0.3125f,0.2846f,0.8642f,-0.4149f,1.375f,-0.0897f,-0.4068f,-0.9091f,0f,0f,0f,0f,1f],start_interpolation: 0,interpolation_duration: 1}
$data merge entity $(bone_left_arm) {transformation: [-0.9646f,-0.2608f,-0.0385f,0.3125f,-0.2218f,0.8818f,-0.4161f,1.375f,0.1425f,-0.3929f,-0.9085f,0f,0f,0f,0f,1f],start_interpolation: 0,interpolation_duration: 1}