# This file was generated by Animated Java via MC-Build. It is not recommended to edit this file directly.
$data merge entity $(bone_head) {transformation: [-0.8602f,-0.0413f,-0.5083f,0f,-0.1006f,0.9909f,0.0899f,1.5f,0.4999f,0.1285f,-0.8565f,0f,0f,0f,0f,1f],start_interpolation: 0,interpolation_duration: 1}
$data merge entity $(bone_right_arm) {transformation: [-0.955f,0.2943f,-0.0375f,-0.3125f,0.283f,0.8655f,-0.4133f,1.375f,-0.0892f,-0.4053f,-0.9098f,0f,0f,0f,0f,1f],start_interpolation: 0,interpolation_duration: 1}
$data merge entity $(bone_left_arm) {transformation: [-0.9646f,-0.2609f,-0.0391f,0.3125f,-0.2216f,0.8816f,-0.4167f,1.375f,0.1432f,-0.3932f,-0.9082f,0f,0f,0f,0f,1f],start_interpolation: 0,interpolation_duration: 1}