# This file was generated by Animated Java via MC-Build. It is not recommended to edit this file directly.
$data merge entity $(bone_head) {transformation: [-0.9966f,0.0005f,0.0826f,0f,0.0211f,0.9685f,0.2481f,1.5f,-0.0799f,0.249f,-0.9652f,0f,0f,0f,0f,1f],start_interpolation: 0,interpolation_duration: 1}
$data merge entity $(bone_right_arm) {transformation: [-0.9786f,0.2057f,-0.0068f,-0.3125f,0.1963f,0.9231f,-0.3306f,1.375f,-0.0618f,-0.3249f,-0.9437f,0f,0f,0f,0f,1f],start_interpolation: 0,interpolation_duration: 1}
$data merge entity $(bone_left_arm) {transformation: [-0.9674f,-0.2475f,0.054f,0.3125f,-0.2517f,0.9143f,-0.3172f,1.375f,0.0292f,-0.3205f,-0.9468f,0f,0f,0f,0f,1f],start_interpolation: 0,interpolation_duration: 1}