# This file was generated by Animated Java via MC-Build. It is not recommended to edit this file directly.
$data merge entity $(bone_head) {transformation: [-0.8457f,-0.045f,-0.5318f,0f,-0.1044f,0.9911f,0.0822f,1.5f,0.5233f,0.125f,-0.8429f,0f,0f,0f,0f,1f],start_interpolation: 0,interpolation_duration: 1}
$data merge entity $(bone_right_arm) {transformation: [-0.9556f,0.2922f,-0.0365f,-0.3125f,0.2809f,0.8671f,-0.4114f,1.375f,-0.0885f,-0.4034f,-0.9107f,0f,0f,0f,0f,1f],start_interpolation: 0,interpolation_duration: 1}
$data merge entity $(bone_left_arm) {transformation: [-0.9645f,-0.261f,-0.0392f,0.3125f,-0.2216f,0.8816f,-0.4169f,1.375f,0.1434f,-0.3934f,-0.9081f,0f,0f,0f,0f,1f],start_interpolation: 0,interpolation_duration: 1}