# This file was generated by Animated Java via MC-Build. It is not recommended to edit this file directly.
$data merge entity $(bone_head) {transformation: [-0.8312f,-0.0486f,-0.5538f,0f,-0.1077f,0.9914f,0.0746f,1.5f,0.5454f,0.1216f,-0.8293f,0f,0f,0f,0f,1f],start_interpolation: 0,interpolation_duration: 1}
$data merge entity $(bone_right_arm) {transformation: [-0.9565f,0.2897f,-0.0354f,-0.3125f,0.2784f,0.869f,-0.409f,1.375f,-0.0877f,-0.4011f,-0.9118f,0f,0f,0f,0f,1f],start_interpolation: 0,interpolation_duration: 1}
$data merge entity $(bone_left_arm) {transformation: [-0.9646f,-0.2609f,-0.039f,0.3125f,-0.2217f,0.8817f,-0.4166f,1.375f,0.1431f,-0.3932f,-0.9083f,0f,0f,0f,0f,1f],start_interpolation: 0,interpolation_duration: 1}