# This file was generated by Animated Java via MC-Build. It is not recommended to edit this file directly.
$data merge entity $(bone_head) {transformation: [-0.8169f,-0.0522f,-0.5744f,0f,-0.1106f,0.9916f,0.0672f,1.5f,0.5661f,0.1184f,-0.8158f,0f,0f,0f,0f,1f],start_interpolation: 0,interpolation_duration: 1}
$data merge entity $(bone_right_arm) {transformation: [-0.9574f,0.2868f,-0.0341f,-0.3125f,0.2754f,0.8713f,-0.4063f,1.375f,-0.0868f,-0.3983f,-0.9131f,0f,0f,0f,0f,1f],start_interpolation: 0,interpolation_duration: 1}
$data merge entity $(bone_left_arm) {transformation: [-0.9647f,-0.2607f,-0.0382f,0.3125f,-0.2219f,0.882f,-0.4158f,1.375f,0.1421f,-0.3926f,-0.9087f,0f,0f,0f,0f,1f],start_interpolation: 0,interpolation_duration: 1}