# This file was generated by Animated Java via MC-Build. It is not recommended to edit this file directly.
$data merge entity $(bone_head) {transformation: [-0.8029f,-0.0558f,-0.5935f,0f,-0.1132f,0.9918f,0.06f,1.5f,0.5852f,0.1153f,-0.8026f,0f,0f,0f,0f,1f],start_interpolation: 0,interpolation_duration: 1}
$data merge entity $(bone_right_arm) {transformation: [-0.9584f,0.2834f,-0.0327f,-0.3125f,0.2721f,0.8738f,-0.4031f,1.375f,-0.0857f,-0.3953f,-0.9146f,0f,0f,0f,0f,1f],start_interpolation: 0,interpolation_duration: 1}
$data merge entity $(bone_left_arm) {transformation: [-0.9648f,-0.2604f,-0.0369f,0.3125f,-0.2224f,0.8825f,-0.4144f,1.375f,0.1405f,-0.3916f,-0.9093f,0f,0f,0f,0f,1f],start_interpolation: 0,interpolation_duration: 1}