# This file was generated by Animated Java via MC-Build. It is not recommended to edit this file directly.
$data merge entity $(bone_head) {transformation: [-0.7894f,-0.0591f,-0.611f,0f,-0.1154f,0.9919f,0.0531f,1.5f,0.6029f,0.1124f,-0.7899f,0f,0f,0f,0f,1f],start_interpolation: 0,interpolation_duration: 1}
$data merge entity $(bone_right_arm) {transformation: [-0.9596f,0.2797f,-0.0311f,-0.3125f,0.2684f,0.8765f,-0.3997f,1.375f,-0.0845f,-0.3918f,-0.9161f,0f,0f,0f,0f,1f],start_interpolation: 0,interpolation_duration: 1}
$data merge entity $(bone_left_arm) {transformation: [-0.965f,-0.26f,-0.0351f,0.3125f,-0.223f,0.8832f,-0.4126f,1.375f,0.1383f,-0.3903f,-0.9102f,0f,0f,0f,0f,1f],start_interpolation: 0,interpolation_duration: 1}