# This file was generated by Animated Java via MC-Build. It is not recommended to edit this file directly.
$data merge entity $(bone_head) {transformation: [-0.7766f,-0.0624f,-0.6269f,0f,-0.1173f,0.992f,0.0466f,1.5f,0.619f,0.1097f,-0.7777f,0f,0f,0f,0f,1f],start_interpolation: 0,interpolation_duration: 1}
$data merge entity $(bone_right_arm) {transformation: [-0.9608f,0.2756f,-0.0294f,-0.3125f,0.2643f,0.8794f,-0.3958f,1.375f,-0.0832f,-0.3881f,-0.9178f,0f,0f,0f,0f,1f],start_interpolation: 0,interpolation_duration: 1}
$data merge entity $(bone_left_arm) {transformation: [-0.9652f,-0.2595f,-0.0328f,0.3125f,-0.2238f,0.8841f,-0.4102f,1.375f,0.1355f,-0.3886f,-0.9114f,0f,0f,0f,0f,1f],start_interpolation: 0,interpolation_duration: 1}