# This file was generated by Animated Java via MC-Build. It is not recommended to edit this file directly.
$data merge entity $(bone_head) {transformation: [-0.7645f,-0.0654f,-0.6413f,0f,-0.1188f,0.9921f,0.0405f,1.5f,0.6336f,0.1072f,-0.7662f,0f,0f,0f,0f,1f],start_interpolation: 0,interpolation_duration: 1}
$data merge entity $(bone_right_arm) {transformation: [-0.9621f,0.2712f,-0.0276f,-0.3125f,0.26f,0.8826f,-0.3917f,1.375f,-0.0819f,-0.3841f,-0.9197f,0f,0f,0f,0f,1f],start_interpolation: 0,interpolation_duration: 1}
$data merge entity $(bone_left_arm) {transformation: [-0.9654f,-0.2589f,-0.0301f,0.3125f,-0.2247f,0.8852f,-0.4074f,1.375f,0.1321f,-0.3865f,-0.9128f,0f,0f,0f,0f,1f],start_interpolation: 0,interpolation_duration: 1}