# This file was generated by Animated Java via MC-Build. It is not recommended to edit this file directly.
$data merge entity $(bone_head) {transformation: [-0.7533f,-0.0682f,-0.6542f,0f,-0.1201f,0.9921f,0.0349f,1.5f,0.6466f,0.1049f,-0.7555f,0f,0f,0f,0f,1f],start_interpolation: 0,interpolation_duration: 1}
$data merge entity $(bone_right_arm) {transformation: [-0.9635f,0.2665f,-0.0258f,-0.3125f,0.2554f,0.8859f,-0.3874f,1.375f,-0.0804f,-0.3798f,-0.9216f,0f,0f,0f,0f,1f],start_interpolation: 0,interpolation_duration: 1}
$data merge entity $(bone_left_arm) {transformation: [-0.9657f,-0.2582f,-0.0269f,0.3125f,-0.2258f,0.8864f,-0.404f,1.375f,0.1281f,-0.3841f,-0.9143f,0f,0f,0f,0f,1f],start_interpolation: 0,interpolation_duration: 1}