# This file was generated by Animated Java via MC-Build. It is not recommended to edit this file directly.
$data merge entity $(bone_head) {transformation: [-0.7431f,-0.0707f,-0.6654f,0f,-0.1212f,0.9922f,0.0299f,1.5f,0.6581f,0.1029f,-0.7458f,0f,0f,0f,0f,1f],start_interpolation: 0,interpolation_duration: 1}
$data merge entity $(bone_right_arm) {transformation: [-0.9649f,0.2615f,-0.0239f,-0.3125f,0.2505f,0.8892f,-0.3828f,1.375f,-0.0788f,-0.3753f,-0.9235f,0f,0f,0f,0f,1f],start_interpolation: 0,interpolation_duration: 1}
$data merge entity $(bone_left_arm) {transformation: [-0.966f,-0.2574f,-0.0233f,0.3125f,-0.227f,0.8878f,-0.4003f,1.375f,0.1237f,-0.3814f,-0.9161f,0f,0f,0f,0f,1f],start_interpolation: 0,interpolation_duration: 1}