# This file was generated by Animated Java via MC-Build. It is not recommended to edit this file directly.
$data merge entity $(bone_head) {transformation: [-0.734f,-0.073f,-0.6752f,0f,-0.122f,0.9922f,0.0254f,1.5f,0.6681f,0.1011f,-0.7372f,0f,0f,0f,0f,1f],start_interpolation: 0,interpolation_duration: 1}
$data merge entity $(bone_right_arm) {transformation: [-0.9663f,0.2564f,-0.022f,-0.3125f,0.2455f,0.8927f,-0.3779f,1.375f,-0.0772f,-0.3706f,-0.9256f,0f,0f,0f,0f,1f],start_interpolation: 0,interpolation_duration: 1}
$data merge entity $(bone_left_arm) {transformation: [-0.9663f,-0.2566f,-0.0193f,0.3125f,-0.2283f,0.8894f,-0.3961f,1.375f,0.1188f,-0.3784f,-0.918f,0f,0f,0f,0f,1f],start_interpolation: 0,interpolation_duration: 1}