# This file was generated by Animated Java via MC-Build. It is not recommended to edit this file directly.
$data merge entity $(bone_head) {transformation: [-0.9978f,0.0004f,0.0665f,0f,0.0168f,0.969f,0.2465f,1.5f,-0.0644f,0.247f,-0.9669f,0f,0f,0f,0f,1f],start_interpolation: 0,interpolation_duration: 1}
$data merge entity $(bone_right_arm) {transformation: [-0.9774f,0.2111f,-0.0081f,-0.3125f,0.2015f,0.9202f,-0.3357f,1.375f,-0.0634f,-0.3297f,-0.9419f,0f,0f,0f,0f,1f],start_interpolation: 0,interpolation_duration: 1}
$data merge entity $(bone_left_arm) {transformation: [-0.9675f,-0.2478f,0.0498f,0.3125f,-0.2504f,0.9131f,-0.3218f,1.375f,0.0342f,-0.3239f,-0.9455f,0f,0f,0f,0f,1f],start_interpolation: 0,interpolation_duration: 1}