# This file was generated by Animated Java via MC-Build. It is not recommended to edit this file directly.
$data merge entity $(bone_head) {transformation: [-0.7262f,-0.0749f,-0.6834f,0f,-0.1227f,0.9922f,0.0216f,1.5f,0.6764f,0.0995f,-0.7298f,0f,0f,0f,0f,1f],start_interpolation: 0,interpolation_duration: 1}
$data merge entity $(bone_right_arm) {transformation: [-0.9678f,0.251f,-0.0201f,-0.3125f,0.2402f,0.8962f,-0.373f,1.375f,-0.0756f,-0.3658f,-0.9276f,0f,0f,0f,0f,1f],start_interpolation: 0,interpolation_duration: 1}
$data merge entity $(bone_left_arm) {transformation: [-0.9666f,-0.2558f,-0.0149f,0.3125f,-0.2298f,0.891f,-0.3915f,1.375f,0.1134f,-0.375f,-0.92f,0f,0f,0f,0f,1f],start_interpolation: 0,interpolation_duration: 1}