# This file was generated by Animated Java via MC-Build. It is not recommended to edit this file directly.
$data merge entity $(bone_head) {transformation: [-0.7197f,-0.0766f,-0.6901f,0f,-0.1232f,0.9922f,0.0184f,1.5f,0.6833f,0.0983f,-0.7235f,0f,0f,0f,0f,1f],start_interpolation: 0,interpolation_duration: 1}
$data merge entity $(bone_right_arm) {transformation: [-0.9692f,0.2456f,-0.0183f,-0.3125f,0.2349f,0.8997f,-0.3679f,1.375f,-0.0739f,-0.3608f,-0.9297f,0f,0f,0f,0f,1f],start_interpolation: 0,interpolation_duration: 1}
$data merge entity $(bone_left_arm) {transformation: [-0.9669f,-0.2549f,-0.0102f,0.3125f,-0.2313f,0.8928f,-0.3866f,1.375f,0.1077f,-0.3715f,-0.9222f,0f,0f,0f,0f,1f],start_interpolation: 0,interpolation_duration: 1}