# This file was generated by Animated Java via MC-Build. It is not recommended to edit this file directly.
$data merge entity $(bone_head) {transformation: [-0.7146f,-0.0778f,-0.6952f,0f,-0.1236f,0.9922f,0.0159f,1.5f,0.6886f,0.0973f,-0.7186f,0f,0f,0f,0f,1f],start_interpolation: 0,interpolation_duration: 1}
$data merge entity $(bone_right_arm) {transformation: [-0.9706f,0.24f,-0.0165f,-0.3125f,0.2295f,0.9032f,-0.3627f,1.375f,-0.0722f,-0.3558f,-0.9318f,0f,0f,0f,0f,1f],start_interpolation: 0,interpolation_duration: 1}
$data merge entity $(bone_left_arm) {transformation: [-0.9672f,-0.2541f,-0.0053f,0.3125f,-0.2329f,0.8946f,-0.3814f,1.375f,0.1017f,-0.3677f,-0.9244f,0f,0f,0f,0f,1f],start_interpolation: 0,interpolation_duration: 1}