# This file was generated by Animated Java via MC-Build. It is not recommended to edit this file directly.
$data merge entity $(bone_head) {transformation: [-0.7108f,-0.0788f,-0.6989f,0f,-0.1238f,0.9922f,0.0141f,1.5f,0.6924f,0.0966f,-0.7151f,0f,0f,0f,0f,1f],start_interpolation: 0,interpolation_duration: 1}
$data merge entity $(bone_right_arm) {transformation: [-0.972f,0.2344f,-0.0147f,-0.3125f,0.224f,0.9067f,-0.3575f,1.375f,-0.0705f,-0.3507f,-0.9338f,0f,0f,0f,0f,1f],start_interpolation: 0,interpolation_duration: 1}
$data merge entity $(bone_left_arm) {transformation: [-0.9674f,-0.2532f,-0.0001f,0.3125f,-0.2346f,0.8964f,-0.376f,1.375f,0.0953f,-0.3637f,-0.9266f,0f,0f,0f,0f,1f],start_interpolation: 0,interpolation_duration: 1}