# This file was generated by Animated Java via MC-Build. It is not recommended to edit this file directly.
$data merge entity $(bone_head) {transformation: [-0.7086f,-0.0793f,-0.7011f,0f,-0.124f,0.9922f,0.013f,1.5f,0.6946f,0.0961f,-0.7129f,0f,0f,0f,0f,1f],start_interpolation: 0,interpolation_duration: 1}
$data merge entity $(bone_right_arm) {transformation: [-0.9734f,0.2288f,-0.013f,-0.3125f,0.2186f,0.91f,-0.3522f,1.375f,-0.0688f,-0.3457f,-0.9358f,0f,0f,0f,0f,1f],start_interpolation: 0,interpolation_duration: 1}
$data merge entity $(bone_left_arm) {transformation: [-0.9676f,-0.2524f,0.0052f,0.3125f,-0.2363f,0.8983f,-0.3703f,1.375f,0.0888f,-0.3595f,-0.9289f,0f,0f,0f,0f,1f],start_interpolation: 0,interpolation_duration: 1}