# This file was generated by Animated Java via MC-Build. It is not recommended to edit this file directly.
$data merge entity $(bone_head) {transformation: [-0.7079f,-0.0795f,-0.7019f,0f,-0.124f,0.9922f,0.0126f,1.5f,0.6954f,0.096f,-0.7122f,0f,0f,0f,0f,1f],start_interpolation: 0,interpolation_duration: 1}
$data merge entity $(bone_right_arm) {transformation: [-0.9747f,0.2233f,-0.0114f,-0.3125f,0.2132f,0.9133f,-0.347f,1.375f,-0.0671f,-0.3407f,-0.9378f,0f,0f,0f,0f,1f],start_interpolation: 0,interpolation_duration: 1}
$data merge entity $(bone_left_arm) {transformation: [-0.9678f,-0.2516f,0.0107f,0.3125f,-0.2381f,0.9003f,-0.3644f,1.375f,0.0821f,-0.3552f,-0.9312f,0f,0f,0f,0f,1f],start_interpolation: 0,interpolation_duration: 1}