# This file was generated by Animated Java via MC-Build. It is not recommended to edit this file directly.
$data merge entity $(bone_head) {transformation: [-0.7084f,-0.0794f,-0.7013f,0f,-0.124f,0.9922f,0.0129f,1.5f,0.6948f,0.0961f,-0.7128f,0f,0f,0f,0f,1f],start_interpolation: 0,interpolation_duration: 1}
$data merge entity $(bone_right_arm) {transformation: [-0.9759f,0.2178f,-0.0099f,-0.3125f,0.208f,0.9164f,-0.342f,1.375f,-0.0654f,-0.3358f,-0.9397f,0f,0f,0f,0f,1f],start_interpolation: 0,interpolation_duration: 1}
$data merge entity $(bone_left_arm) {transformation: [-0.9679f,-0.2509f,0.0162f,0.3125f,-0.2399f,0.9022f,-0.3585f,1.375f,0.0753f,-0.3509f,-0.9334f,0f,0f,0f,0f,1f],start_interpolation: 0,interpolation_duration: 1}