# This file was generated by Animated Java via MC-Build. It is not recommended to edit this file directly.
$data merge entity $(bone_head) {transformation: [-0.7102f,-0.0789f,-0.6995f,0f,-0.1239f,0.9922f,0.0138f,1.5f,0.693f,0.0964f,-0.7145f,0f,0f,0f,0f,1f],start_interpolation: 0,interpolation_duration: 1}
$data merge entity $(bone_right_arm) {transformation: [-0.9771f,0.2125f,-0.0085f,-0.3125f,0.2029f,0.9194f,-0.337f,1.375f,-0.0638f,-0.331f,-0.9415f,0f,0f,0f,0f,1f],start_interpolation: 0,interpolation_duration: 1}
$data merge entity $(bone_left_arm) {transformation: [-0.9679f,-0.2502f,0.0218f,0.3125f,-0.2417f,0.9041f,-0.3525f,1.375f,0.0685f,-0.3464f,-0.9356f,0f,0f,0f,0f,1f],start_interpolation: 0,interpolation_duration: 1}