# This file was generated by Animated Java via MC-Build. It is not recommended to edit this file directly.
$data merge entity $(bone_head) {transformation: [-0.7132f,-0.0782f,-0.6966f,0f,-0.1237f,0.9922f,0.0152f,1.5f,0.69f,0.097f,-0.7173f,0f,0f,0f,0f,1f],start_interpolation: 0,interpolation_duration: 1}
$data merge entity $(bone_right_arm) {transformation: [-0.9782f,0.2074f,-0.0072f,-0.3125f,0.1979f,0.9222f,-0.3322f,1.375f,-0.0623f,-0.3264f,-0.9432f,0f,0f,0f,0f,1f],start_interpolation: 0,interpolation_duration: 1}
$data merge entity $(bone_left_arm) {transformation: [-0.968f,-0.2496f,0.0274f,0.3125f,-0.2434f,0.9059f,-0.3464f,1.375f,0.0617f,-0.342f,-0.9377f,0f,0f,0f,0f,1f],start_interpolation: 0,interpolation_duration: 1}