# This file was generated by Animated Java via MC-Build. It is not recommended to edit this file directly.
$data merge entity $(bone_head) {transformation: [-0.7172f,-0.0772f,-0.6925f,0f,-0.1234f,0.9922f,0.0172f,1.5f,0.6858f,0.0978f,-0.7212f,0f,0f,0f,0f,1f],start_interpolation: 0,interpolation_duration: 1}
$data merge entity $(bone_right_arm) {transformation: [-0.9793f,0.2025f,-0.006f,-0.3125f,0.1932f,0.9248f,-0.3276f,1.375f,-0.0608f,-0.322f,-0.9448f,0f,0f,0f,0f,1f],start_interpolation: 0,interpolation_duration: 1}
$data merge entity $(bone_left_arm) {transformation: [-0.9679f,-0.2491f,0.0329f,0.3125f,-0.2451f,0.9077f,-0.3405f,1.375f,0.055f,-0.3376f,-0.9397f,0f,0f,0f,0f,1f],start_interpolation: 0,interpolation_duration: 1}