# This file was generated by Animated Java via MC-Build. It is not recommended to edit this file directly.
$data merge entity $(bone_head) {transformation: [-0.7224f,-0.0759f,-0.6873f,0f,-0.123f,0.9922f,0.0197f,1.5f,0.6804f,0.0988f,-0.7261f,0f,0f,0f,0f,1f],start_interpolation: 0,interpolation_duration: 1}
$data merge entity $(bone_right_arm) {transformation: [-0.9802f,0.1978f,-0.0049f,-0.3125f,0.1888f,0.9273f,-0.3233f,1.375f,-0.0594f,-0.3178f,-0.9463f,0f,0f,0f,0f,1f],start_interpolation: 0,interpolation_duration: 1}
$data merge entity $(bone_left_arm) {transformation: [-0.9679f,-0.2486f,0.0382f,0.3125f,-0.2468f,0.9095f,-0.3346f,1.375f,0.0484f,-0.3333f,-0.9416f,0f,0f,0f,0f,1f],start_interpolation: 0,interpolation_duration: 1}