# This file was generated by Animated Java via MC-Build. It is not recommended to edit this file directly.
$data merge entity $(bone_head) {transformation: [-0.7287f,-0.0743f,-0.6808f,0f,-0.1225f,0.9922f,0.0228f,1.5f,0.6738f,0.1f,-0.7321f,0f,0f,0f,0f,1f],start_interpolation: 0,interpolation_duration: 1}
$data merge entity $(bone_right_arm) {transformation: [-0.9811f,0.1935f,-0.0039f,-0.3125f,0.1846f,0.9295f,-0.3193f,1.375f,-0.0581f,-0.3139f,-0.9477f,0f,0f,0f,0f,1f],start_interpolation: 0,interpolation_duration: 1}
$data merge entity $(bone_left_arm) {transformation: [-0.9677f,-0.2482f,0.0434f,0.3125f,-0.2484f,0.9111f,-0.3289f,1.375f,0.042f,-0.3291f,-0.9434f,0f,0f,0f,0f,1f],start_interpolation: 0,interpolation_duration: 1}