# This file was generated by Animated Java via MC-Build. It is not recommended to edit this file directly.
$data merge entity $(bone_head) {transformation: [-0.7359f,-0.0725f,-0.6731f,0f,-0.1219f,0.9922f,0.0264f,1.5f,0.666f,0.1014f,-0.739f,0f,0f,0f,0f,1f],start_interpolation: 0,interpolation_duration: 1}
$data merge entity $(bone_right_arm) {transformation: [-0.9819f,0.1895f,-0.0031f,-0.3125f,0.1808f,0.9315f,-0.3155f,1.375f,-0.0569f,-0.3104f,-0.9489f,0f,0f,0f,0f,1f],start_interpolation: 0,interpolation_duration: 1}
$data merge entity $(bone_left_arm) {transformation: [-0.9676f,-0.2478f,0.0484f,0.3125f,-0.25f,0.9126f,-0.3234f,1.375f,0.036f,-0.325f,-0.945f,0f,0f,0f,0f,1f],start_interpolation: 0,interpolation_duration: 1}