# This file was generated by Animated Java via MC-Build. It is not recommended to edit this file directly.
$data merge entity $(bone_head) {transformation: [-0.7442f,-0.0704f,-0.6643f,0f,-0.1211f,0.9922f,0.0304f,1.5f,0.6569f,0.1031f,-0.7469f,0f,0f,0f,0f,1f],start_interpolation: 0,interpolation_duration: 1}
$data merge entity $(bone_right_arm) {transformation: [-0.9826f,0.1859f,-0.0023f,-0.3125f,0.1774f,0.9333f,-0.3122f,1.375f,-0.0559f,-0.3072f,-0.95f,0f,0f,0f,0f,1f],start_interpolation: 0,interpolation_duration: 1}
$data merge entity $(bone_left_arm) {transformation: [-0.9674f,-0.2476f,0.0531f,0.3125f,-0.2514f,0.9141f,-0.3182f,1.375f,0.0302f,-0.3212f,-0.9465f,0f,0f,0f,0f,1f],start_interpolation: 0,interpolation_duration: 1}