# This file was generated by Animated Java via MC-Build. It is not recommended to edit this file directly.
$data merge entity $(bone_head) {transformation: [-0.7533f,-0.0682f,-0.6542f,0f,-0.1201f,0.9921f,0.0349f,1.5f,0.6466f,0.1049f,-0.7555f,0f,0f,0f,0f,1f],start_interpolation: 0,interpolation_duration: 1}
$data merge entity $(bone_right_arm) {transformation: [-0.9832f,0.1828f,-0.0017f,-0.3125f,0.1743f,0.9349f,-0.3092f,1.375f,-0.0549f,-0.3043f,-0.951f,0f,0f,0f,0f,1f],start_interpolation: 0,interpolation_duration: 1}
$data merge entity $(bone_left_arm) {transformation: [-0.9672f,-0.2473f,0.0575f,0.3125f,-0.2527f,0.9154f,-0.3133f,1.375f,0.0248f,-0.3176f,-0.9479f,0f,0f,0f,0f,1f],start_interpolation: 0,interpolation_duration: 1}