# This file was generated by Animated Java via MC-Build. It is not recommended to edit this file directly.
$data merge entity $(bone_head) {transformation: [-0.7632f,-0.0657f,-0.6428f,0f,-0.119f,0.9921f,0.0399f,1.5f,0.6351f,0.1069f,-0.765f,0f,0f,0f,0f,1f],start_interpolation: 0,interpolation_duration: 1}
$data merge entity $(bone_right_arm) {transformation: [-0.9837f,0.18f,-0.0012f,-0.3125f,0.1717f,0.9362f,-0.3067f,1.375f,-0.0541f,-0.3019f,-0.9518f,0f,0f,0f,0f,1f],start_interpolation: 0,interpolation_duration: 1}
$data merge entity $(bone_left_arm) {transformation: [-0.967f,-0.2472f,0.0616f,0.3125f,-0.254f,0.9166f,-0.3088f,1.375f,0.0199f,-0.3142f,-0.9491f,0f,0f,0f,0f,1f],start_interpolation: 0,interpolation_duration: 1}