# This file was generated by Animated Java via MC-Build. It is not recommended to edit this file directly.
$data merge entity $(bone_head) {transformation: [-0.7738f,-0.063f,-0.6303f,0f,-0.1176f,0.992f,0.0452f,1.5f,0.6224f,0.1091f,-0.7751f,0f,0f,0f,0f,1f],start_interpolation: 0,interpolation_duration: 1}
$data merge entity $(bone_right_arm) {transformation: [-0.9841f,0.1778f,-0.0007f,-0.3125f,0.1695f,0.9373f,-0.3045f,1.375f,-0.0534f,-0.2998f,-0.9525f,0f,0f,0f,0f,1f],start_interpolation: 0,interpolation_duration: 1}
$data merge entity $(bone_left_arm) {transformation: [-0.9668f,-0.2471f,0.0653f,0.3125f,-0.2551f,0.9177f,-0.3047f,1.375f,0.0154f,-0.3112f,-0.9502f,0f,0f,0f,0f,1f],start_interpolation: 0,interpolation_duration: 1}