# This file was generated by Animated Java via MC-Build. It is not recommended to edit this file directly.
$data merge entity $(bone_head) {transformation: [-0.7851f,-0.0602f,-0.6165f,0f,-0.1161f,0.9919f,0.0509f,1.5f,0.6084f,0.1115f,-0.7857f,0f,0f,0f,0f,1f],start_interpolation: 0,interpolation_duration: 1}
$data merge entity $(bone_right_arm) {transformation: [-0.9844f,0.176f,-0.0004f,-0.3125f,0.1678f,0.9381f,-0.3029f,1.375f,-0.0529f,-0.2982f,-0.953f,0f,0f,0f,0f,1f],start_interpolation: 0,interpolation_duration: 1}
$data merge entity $(bone_left_arm) {transformation: [-0.9666f,-0.247f,0.0685f,0.3125f,-0.256f,0.9186f,-0.301f,1.375f,0.0114f,-0.3085f,-0.9512f,0f,0f,0f,0f,1f],start_interpolation: 0,interpolation_duration: 1}