# This file was generated by Animated Java via MC-Build. It is not recommended to edit this file directly.
$data merge entity $(bone_head) {transformation: [-0.7969f,-0.0573f,-0.6014f,0f,-0.1142f,0.9918f,0.0569f,1.5f,0.5933f,0.114f,-0.7969f,0f,0f,0f,0f,1f],start_interpolation: 0,interpolation_duration: 1}
$data merge entity $(bone_right_arm) {transformation: [-0.9846f,0.1747f,-0.0002f,-0.3125f,0.1666f,0.9387f,-0.3017f,1.375f,-0.0525f,-0.2971f,-0.9534f,0f,0f,0f,0f,1f],start_interpolation: 0,interpolation_duration: 1}
$data merge entity $(bone_left_arm) {transformation: [-0.9664f,-0.2469f,0.0713f,0.3125f,-0.2569f,0.9194f,-0.2979f,1.375f,0.008f,-0.3062f,-0.9519f,0f,0f,0f,0f,1f],start_interpolation: 0,interpolation_duration: 1}