# This file was generated by Animated Java via MC-Build. It is not recommended to edit this file directly.
$data merge entity $(bone_head) {transformation: [-0.8091f,-0.0542f,-0.5852f,0f,-0.1121f,0.9917f,0.0631f,1.5f,0.5769f,0.1167f,-0.8084f,0f,0f,0f,0f,1f],start_interpolation: 0,interpolation_duration: 1}
$data merge entity $(bone_right_arm) {transformation: [-0.9848f,0.1739f,0f,-0.3125f,0.1659f,0.9391f,-0.3009f,1.375f,-0.0523f,-0.2964f,-0.9536f,0f,0f,0f,0f,1f],start_interpolation: 0,interpolation_duration: 1}
$data merge entity $(bone_left_arm) {transformation: [-0.9662f,-0.2469f,0.0736f,0.3125f,-0.2576f,0.9201f,-0.2952f,1.375f,0.0052f,-0.3042f,-0.9526f,0f,0f,0f,0f,1f],start_interpolation: 0,interpolation_duration: 1}