# This file was generated by Animated Java via MC-Build. It is not recommended to edit this file directly.
$data merge entity $(bone_head) {transformation: [-0.9995f,-0.0001f,0.0315f,0f,0.0075f,0.9701f,0.2425f,1.5f,-0.0306f,0.2426f,-0.9696f,0f,0f,0f,0f,1f],start_interpolation: 0,interpolation_duration: 1}
$data merge entity $(bone_right_arm) {transformation: [-0.9749f,0.2224f,-0.0112f,-0.3125f,0.2124f,0.9138f,-0.3463f,1.375f,-0.0668f,-0.3399f,-0.9381f,0f,0f,0f,0f,1f],start_interpolation: 0,interpolation_duration: 1}
$data merge entity $(bone_left_arm) {transformation: [-0.9678f,-0.2484f,0.0409f,0.3125f,-0.2476f,0.9103f,-0.3317f,1.375f,0.0451f,-0.3311f,-0.9425f,0f,0f,0f,0f,1f],start_interpolation: 0,interpolation_duration: 1}