# This file was generated by Animated Java via MC-Build. It is not recommended to edit this file directly.
$data merge entity $(bone_head) {transformation: [-0.8216f,-0.051f,-0.5677f,0f,-0.1097f,0.9915f,0.0696f,1.5f,0.5593f,0.1195f,-0.8203f,0f,0f,0f,0f,1f],start_interpolation: 0,interpolation_duration: 1}
$data merge entity $(bone_right_arm) {transformation: [-0.9848f,0.1736f,0f,-0.3125f,0.1656f,0.9392f,-0.3007f,1.375f,-0.0522f,-0.2961f,-0.9537f,0f,0f,0f,0f,1f],start_interpolation: 0,interpolation_duration: 1}
$data merge entity $(bone_left_arm) {transformation: [-0.9661f,-0.2469f,0.0754f,0.3125f,-0.2581f,0.9206f,-0.2932f,1.375f,0.0029f,-0.3027f,-0.9531f,0f,0f,0f,0f,1f],start_interpolation: 0,interpolation_duration: 1}