# This file was generated by Animated Java via MC-Build. It is not recommended to edit this file directly.
$data merge entity $(bone_head) {transformation: [-0.8344f,-0.0478f,-0.549f,0f,-0.107f,0.9913f,0.0763f,1.5f,0.5406f,0.1224f,-0.8323f,0f,0f,0f,0f,1f],start_interpolation: 0,interpolation_duration: 1}
$data merge entity $(bone_right_arm) {transformation: [-0.9848f,0.1739f,0f,-0.3125f,0.1658f,0.9391f,-0.3009f,1.375f,-0.0523f,-0.2964f,-0.9536f,0f,0f,0f,0f,1f],start_interpolation: 0,interpolation_duration: 1}
$data merge entity $(bone_left_arm) {transformation: [-0.966f,-0.2468f,0.0768f,0.3125f,-0.2585f,0.9209f,-0.2917f,1.375f,0.0013f,-0.3016f,-0.9534f,0f,0f,0f,0f,1f],start_interpolation: 0,interpolation_duration: 1}