# This file was generated by Animated Java via MC-Build. It is not recommended to edit this file directly.
$data merge entity $(bone_head) {transformation: [-0.8473f,-0.0445f,-0.5292f,0f,-0.104f,0.9911f,0.083f,1.5f,0.5208f,0.1254f,-0.8444f,0f,0f,0f,0f,1f],start_interpolation: 0,interpolation_duration: 1}
$data merge entity $(bone_right_arm) {transformation: [-0.9846f,0.1746f,-0.0002f,-0.3125f,0.1665f,0.9388f,-0.3016f,1.375f,-0.0525f,-0.297f,-0.9534f,0f,0f,0f,0f,1f],start_interpolation: 0,interpolation_duration: 1}
$data merge entity $(bone_left_arm) {transformation: [-0.9659f,-0.2468f,0.0776f,0.3125f,-0.2587f,0.9211f,-0.2908f,1.375f,0.0003f,-0.3009f,-0.9536f,0f,0f,0f,0f,1f],start_interpolation: 0,interpolation_duration: 1}