# This file was generated by Animated Java via MC-Build. It is not recommended to edit this file directly.
$data merge entity $(bone_head) {transformation: [-0.8602f,-0.0413f,-0.5083f,0f,-0.1006f,0.9909f,0.0899f,1.5f,0.4999f,0.1285f,-0.8565f,0f,0f,0f,0f,1f],start_interpolation: 0,interpolation_duration: 1}
$data merge entity $(bone_right_arm) {transformation: [-0.9844f,0.1758f,-0.0004f,-0.3125f,0.1677f,0.9382f,-0.3028f,1.375f,-0.0529f,-0.2981f,-0.9531f,0f,0f,0f,0f,1f],start_interpolation: 0,interpolation_duration: 1}
$data merge entity $(bone_left_arm) {transformation: [-0.9659f,-0.2468f,0.0778f,0.3125f,-0.2588f,0.9212f,-0.2905f,1.375f,0f,-0.3007f,-0.9537f,0f,0f,0f,0f,1f],start_interpolation: 0,interpolation_duration: 1}