# This file was generated by Animated Java via MC-Build. It is not recommended to edit this file directly.
$data merge entity $(bone_head) {transformation: [-0.873f,-0.038f,-0.4862f,0f,-0.097f,0.9906f,0.0968f,1.5f,0.478f,0.1316f,-0.8685f,0f,0f,0f,0f,1f],start_interpolation: 0,interpolation_duration: 1}
$data merge entity $(bone_right_arm) {transformation: [-0.9841f,0.1775f,-0.0007f,-0.3125f,0.1693f,0.9374f,-0.3043f,1.375f,-0.0534f,-0.2996f,-0.9526f,0f,0f,0f,0f,1f],start_interpolation: 0,interpolation_duration: 1}
$data merge entity $(bone_left_arm) {transformation: [-0.9659f,-0.2468f,0.0776f,0.3125f,-0.2587f,0.9211f,-0.2908f,1.375f,0.0003f,-0.3009f,-0.9536f,0f,0f,0f,0f,1f],start_interpolation: 0,interpolation_duration: 1}