# This file was generated by Animated Java via MC-Build. It is not recommended to edit this file directly.
$data merge entity $(bone_head) {transformation: [-0.8856f,-0.0347f,-0.4632f,0f,-0.093f,0.9903f,0.1036f,1.5f,0.4551f,0.1348f,-0.8802f,0f,0f,0f,0f,1f],start_interpolation: 0,interpolation_duration: 1}
$data merge entity $(bone_right_arm) {transformation: [-0.9837f,0.1797f,-0.0011f,-0.3125f,0.1714f,0.9364f,-0.3063f,1.375f,-0.054f,-0.3016f,-0.9519f,0f,0f,0f,0f,1f],start_interpolation: 0,interpolation_duration: 1}
$data merge entity $(bone_left_arm) {transformation: [-0.966f,-0.2468f,0.0768f,0.3125f,-0.2585f,0.9209f,-0.2917f,1.375f,0.0013f,-0.3016f,-0.9534f,0f,0f,0f,0f,1f],start_interpolation: 0,interpolation_duration: 1}