# This file was generated by Animated Java via MC-Build. It is not recommended to edit this file directly.
$data merge entity $(bone_head) {transformation: [-0.8978f,-0.0315f,-0.4392f,0f,-0.0887f,0.9899f,0.1104f,1.5f,0.4313f,0.138f,-0.8916f,0f,0f,0f,0f,1f],start_interpolation: 0,interpolation_duration: 1}
$data merge entity $(bone_right_arm) {transformation: [-0.9832f,0.1823f,-0.0016f,-0.3125f,0.1739f,0.9351f,-0.3088f,1.375f,-0.0548f,-0.3039f,-0.9511f,0f,0f,0f,0f,1f],start_interpolation: 0,interpolation_duration: 1}
$data merge entity $(bone_left_arm) {transformation: [-0.9661f,-0.2469f,0.0754f,0.3125f,-0.2581f,0.9206f,-0.2932f,1.375f,0.0029f,-0.3027f,-0.9531f,0f,0f,0f,0f,1f],start_interpolation: 0,interpolation_duration: 1}