# This file was generated by Animated Java via MC-Build. It is not recommended to edit this file directly.
$data merge entity $(bone_head) {transformation: [-0.9097f,-0.0283f,-0.4143f,0f,-0.0841f,0.9896f,0.117f,1.5f,0.4067f,0.1413f,-0.9026f,0f,0f,0f,0f,1f],start_interpolation: 0,interpolation_duration: 1}
$data merge entity $(bone_right_arm) {transformation: [-0.9827f,0.1853f,-0.0022f,-0.3125f,0.1767f,0.9336f,-0.3116f,1.375f,-0.0557f,-0.3066f,-0.9502f,0f,0f,0f,0f,1f],start_interpolation: 0,interpolation_duration: 1}
$data merge entity $(bone_left_arm) {transformation: [-0.9662f,-0.2469f,0.0736f,0.3125f,-0.2576f,0.9201f,-0.2952f,1.375f,0.0052f,-0.3042f,-0.9526f,0f,0f,0f,0f,1f],start_interpolation: 0,interpolation_duration: 1}