# This file was generated by Animated Java via MC-Build. It is not recommended to edit this file directly.
$data merge entity $(bone_head) {transformation: [-0.921f,-0.0252f,-0.3886f,0f,-0.0792f,0.9892f,0.1235f,1.5f,0.3813f,0.1445f,-0.9131f,0f,0f,0f,0f,1f],start_interpolation: 0,interpolation_duration: 1}
$data merge entity $(bone_right_arm) {transformation: [-0.982f,0.1887f,-0.0029f,-0.3125f,0.18f,0.9319f,-0.3148f,1.375f,-0.0567f,-0.3096f,-0.9492f,0f,0f,0f,0f,1f],start_interpolation: 0,interpolation_duration: 1}
$data merge entity $(bone_left_arm) {transformation: [-0.9664f,-0.2469f,0.0713f,0.3125f,-0.2569f,0.9194f,-0.2979f,1.375f,0.008f,-0.3062f,-0.9519f,0f,0f,0f,0f,1f],start_interpolation: 0,interpolation_duration: 1}