# This file was generated by Animated Java via MC-Build. It is not recommended to edit this file directly.
$data merge entity $(bone_head) {transformation: [-0.9318f,-0.0222f,-0.3623f,0f,-0.074f,0.9888f,0.1297f,1.5f,0.3553f,0.1477f,-0.923f,0f,0f,0f,0f,1f],start_interpolation: 0,interpolation_duration: 1}
$data merge entity $(bone_right_arm) {transformation: [-0.9813f,0.1925f,-0.0037f,-0.3125f,0.1836f,0.93f,-0.3183f,1.375f,-0.0578f,-0.313f,-0.948f,0f,0f,0f,0f,1f],start_interpolation: 0,interpolation_duration: 1}
$data merge entity $(bone_left_arm) {transformation: [-0.9666f,-0.247f,0.0685f,0.3125f,-0.256f,0.9186f,-0.301f,1.375f,0.0114f,-0.3085f,-0.9512f,0f,0f,0f,0f,1f],start_interpolation: 0,interpolation_duration: 1}