# This file was generated by Animated Java via MC-Build. It is not recommended to edit this file directly.
$data merge entity $(bone_head) {transformation: [-0.9999f,-0.0006f,0.0128f,0f,0.0025f,0.9708f,0.2401f,1.5f,-0.0126f,0.2401f,-0.9707f,0f,0f,0f,0f,1f],start_interpolation: 0,interpolation_duration: 1}
$data merge entity $(bone_right_arm) {transformation: [-0.9735f,0.2283f,-0.0128f,-0.3125f,0.2181f,0.9103f,-0.3518f,1.375f,-0.0686f,-0.3452f,-0.936f,0f,0f,0f,0f,1f],start_interpolation: 0,interpolation_duration: 1}
$data merge entity $(bone_left_arm) {transformation: [-0.9679f,-0.2488f,0.0362f,0.3125f,-0.2462f,0.9088f,-0.3368f,1.375f,0.0509f,-0.3349f,-0.9409f,0f,0f,0f,0f,1f],start_interpolation: 0,interpolation_duration: 1}