# This file was generated by Animated Java via MC-Build. It is not recommended to edit this file directly.
$data merge entity $(bone_head) {transformation: [-0.9419f,-0.0194f,-0.3353f,0f,-0.0686f,0.9884f,0.1357f,1.5f,0.3288f,0.1508f,-0.9323f,0f,0f,0f,0f,1f],start_interpolation: 0,interpolation_duration: 1}
$data merge entity $(bone_right_arm) {transformation: [-0.9805f,0.1966f,-0.0046f,-0.3125f,0.1876f,0.9279f,-0.3221f,1.375f,-0.059f,-0.3167f,-0.9467f,0f,0f,0f,0f,1f],start_interpolation: 0,interpolation_duration: 1}
$data merge entity $(bone_left_arm) {transformation: [-0.9668f,-0.2471f,0.0653f,0.3125f,-0.2551f,0.9177f,-0.3047f,1.375f,0.0154f,-0.3112f,-0.9502f,0f,0f,0f,0f,1f],start_interpolation: 0,interpolation_duration: 1}