# This file was generated by Animated Java via MC-Build. It is not recommended to edit this file directly.
$data merge entity $(bone_head) {transformation: [-0.9513f,-0.0166f,-0.3078f,0f,-0.063f,0.988f,0.1413f,1.5f,0.3018f,0.1539f,-0.9409f,0f,0f,0f,0f,1f],start_interpolation: 0,interpolation_duration: 1}
$data merge entity $(bone_right_arm) {transformation: [-0.9796f,0.201f,-0.0056f,-0.3125f,0.1918f,0.9256f,-0.3263f,1.375f,-0.0604f,-0.3207f,-0.9453f,0f,0f,0f,0f,1f],start_interpolation: 0,interpolation_duration: 1}
$data merge entity $(bone_left_arm) {transformation: [-0.967f,-0.2472f,0.0616f,0.3125f,-0.254f,0.9166f,-0.3088f,1.375f,0.0199f,-0.3142f,-0.9491f,0f,0f,0f,0f,1f],start_interpolation: 0,interpolation_duration: 1}