# This file was generated by Animated Java via MC-Build. It is not recommended to edit this file directly.
$data merge entity $(bone_head) {transformation: [-0.9599f,-0.014f,-0.28f,0f,-0.0572f,0.9875f,0.1467f,1.5f,0.2744f,0.1568f,-0.9487f,0f,0f,0f,0f,1f],start_interpolation: 0,interpolation_duration: 1}
$data merge entity $(bone_right_arm) {transformation: [-0.9786f,0.2057f,-0.0068f,-0.3125f,0.1963f,0.9231f,-0.3306f,1.375f,-0.0618f,-0.3249f,-0.9437f,0f,0f,0f,0f,1f],start_interpolation: 0,interpolation_duration: 1}
$data merge entity $(bone_left_arm) {transformation: [-0.9672f,-0.2473f,0.0575f,0.3125f,-0.2527f,0.9154f,-0.3133f,1.375f,0.0248f,-0.3176f,-0.9479f,0f,0f,0f,0f,1f],start_interpolation: 0,interpolation_duration: 1}