# This file was generated by Animated Java via MC-Build. It is not recommended to edit this file directly.
$data merge entity $(bone_head) {transformation: [-0.9677f,-0.0115f,-0.2519f,0f,-0.0512f,0.9871f,0.1517f,1.5f,0.2469f,0.1597f,-0.9558f,0f,0f,0f,0f,1f],start_interpolation: 0,interpolation_duration: 1}
$data merge entity $(bone_right_arm) {transformation: [-0.9775f,0.2106f,-0.008f,-0.3125f,0.201f,0.9204f,-0.3352f,1.375f,-0.0633f,-0.3293f,-0.9421f,0f,0f,0f,0f,1f],start_interpolation: 0,interpolation_duration: 1}
$data merge entity $(bone_left_arm) {transformation: [-0.9674f,-0.2476f,0.0531f,0.3125f,-0.2514f,0.9141f,-0.3182f,1.375f,0.0302f,-0.3212f,-0.9465f,0f,0f,0f,0f,1f],start_interpolation: 0,interpolation_duration: 1}