# This file was generated by Animated Java via MC-Build. It is not recommended to edit this file directly.
$data merge entity $(bone_head) {transformation: [-0.9746f,-0.0091f,-0.2236f,0f,-0.0451f,0.9867f,0.1563f,1.5f,0.2192f,0.1625f,-0.9621f,0f,0f,0f,0f,1f],start_interpolation: 0,interpolation_duration: 1}
$data merge entity $(bone_right_arm) {transformation: [-0.9764f,0.2157f,-0.0093f,-0.3125f,0.206f,0.9176f,-0.34f,1.375f,-0.0648f,-0.3339f,-0.9404f,0f,0f,0f,0f,1f],start_interpolation: 0,interpolation_duration: 1}
$data merge entity $(bone_left_arm) {transformation: [-0.9676f,-0.2478f,0.0484f,0.3125f,-0.25f,0.9126f,-0.3234f,1.375f,0.036f,-0.325f,-0.945f,0f,0f,0f,0f,1f],start_interpolation: 0,interpolation_duration: 1}