# This file was generated by Animated Java via MC-Build. It is not recommended to edit this file directly.
$data merge entity $(bone_head) {transformation: [-0.9807f,-0.0069f,-0.1954f,0f,-0.039f,0.9863f,0.1606f,1.5f,0.1916f,0.1651f,-0.9675f,0f,0f,0f,0f,1f],start_interpolation: 0,interpolation_duration: 1}
$data merge entity $(bone_right_arm) {transformation: [-0.9752f,0.221f,-0.0107f,-0.3125f,0.211f,0.9146f,-0.3449f,1.375f,-0.0664f,-0.3386f,-0.9386f,0f,0f,0f,0f,1f],start_interpolation: 0,interpolation_duration: 1}
$data merge entity $(bone_left_arm) {transformation: [-0.9677f,-0.2482f,0.0434f,0.3125f,-0.2484f,0.9111f,-0.3289f,1.375f,0.042f,-0.3291f,-0.9434f,0f,0f,0f,0f,1f],start_interpolation: 0,interpolation_duration: 1}