# This file was generated by Animated Java via MC-Build. It is not recommended to edit this file directly.
$data merge entity $(bone_head) {transformation: [-0.9859f,-0.0049f,-0.1672f,0f,-0.0328f,0.9858f,0.1644f,1.5f,0.164f,0.1676f,-0.9721f,0f,0f,0f,0f,1f],start_interpolation: 0,interpolation_duration: 1}
$data merge entity $(bone_right_arm) {transformation: [-0.974f,0.2263f,-0.0123f,-0.3125f,0.2162f,0.9115f,-0.3499f,1.375f,-0.068f,-0.3435f,-0.9367f,0f,0f,0f,0f,1f],start_interpolation: 0,interpolation_duration: 1}
$data merge entity $(bone_left_arm) {transformation: [-0.9679f,-0.2486f,0.0382f,0.3125f,-0.2468f,0.9095f,-0.3346f,1.375f,0.0484f,-0.3333f,-0.9416f,0f,0f,0f,0f,1f],start_interpolation: 0,interpolation_duration: 1}