# This file was generated by Animated Java via MC-Build. It is not recommended to edit this file directly.
$data merge entity $(bone_head) {transformation: [-0.9902f,-0.003f,-0.1393f,0f,-0.0266f,0.9855f,0.1679f,1.5f,0.1368f,0.1699f,-0.9759f,0f,0f,0f,0f,1f],start_interpolation: 0,interpolation_duration: 1}
$data merge entity $(bone_right_arm) {transformation: [-0.9727f,0.2318f,-0.0139f,-0.3125f,0.2215f,0.9083f,-0.355f,1.375f,-0.0697f,-0.3484f,-0.9348f,0f,0f,0f,0f,1f],start_interpolation: 0,interpolation_duration: 1}
$data merge entity $(bone_left_arm) {transformation: [-0.9679f,-0.2491f,0.0329f,0.3125f,-0.2451f,0.9077f,-0.3405f,1.375f,0.055f,-0.3376f,-0.9397f,0f,0f,0f,0f,1f],start_interpolation: 0,interpolation_duration: 1}