# This file was generated by Animated Java via MC-Build. It is not recommended to edit this file directly.
$data merge entity $(bone_head) {transformation: [-0.9937f,-0.0012f,-0.1118f,0f,-0.0204f,0.9851f,0.1709f,1.5f,0.1099f,0.1721f,-0.9789f,0f,0f,0f,0f,1f],start_interpolation: 0,interpolation_duration: 1}
$data merge entity $(bone_right_arm) {transformation: [-0.9713f,0.2372f,-0.0156f,-0.3125f,0.2268f,0.9049f,-0.3601f,1.375f,-0.0713f,-0.3533f,-0.9328f,0f,0f,0f,0f,1f],start_interpolation: 0,interpolation_duration: 1}
$data merge entity $(bone_left_arm) {transformation: [-0.968f,-0.2496f,0.0274f,0.3125f,-0.2434f,0.9059f,-0.3464f,1.375f,0.0617f,-0.342f,-0.9377f,0f,0f,0f,0f,1f],start_interpolation: 0,interpolation_duration: 1}