# This file was generated by Animated Java via MC-Build. It is not recommended to edit this file directly.
$data merge entity $(bone_head) {transformation: [-0.9964f,0.0004f,-0.0847f,0f,-0.0143f,0.9847f,0.1735f,1.5f,0.0835f,0.1741f,-0.9812f,0f,0f,0f,0f,1f],start_interpolation: 0,interpolation_duration: 1}
$data merge entity $(bone_right_arm) {transformation: [-0.97f,0.2426f,-0.0173f,-0.3125f,0.2321f,0.9016f,-0.3651f,1.375f,-0.073f,-0.3582f,-0.9308f,0f,0f,0f,0f,1f],start_interpolation: 0,interpolation_duration: 1}
$data merge entity $(bone_left_arm) {transformation: [-0.9679f,-0.2502f,0.0218f,0.3125f,-0.2417f,0.9041f,-0.3525f,1.375f,0.0685f,-0.3464f,-0.9356f,0f,0f,0f,0f,1f],start_interpolation: 0,interpolation_duration: 1}