# This file was generated by Animated Java via MC-Build. It is not recommended to edit this file directly.
$data merge entity $(bone_head) {transformation: [-1f,-0.0011f,-0.0065f,0f,-0.0026f,0.9714f,0.2374f,1.5f,0.006f,0.2374f,-0.9714f,0f,0f,0f,0f,1f],start_interpolation: 0,interpolation_duration: 1}
$data merge entity $(bone_right_arm) {transformation: [-0.9721f,0.2342f,-0.0146f,-0.3125f,0.2239f,0.9068f,-0.3573f,1.375f,-0.0704f,-0.3506f,-0.9339f,0f,0f,0f,0f,1f],start_interpolation: 0,interpolation_duration: 1}
$data merge entity $(bone_left_arm) {transformation: [-0.9679f,-0.2492f,0.0314f,0.3125f,-0.2447f,0.9073f,-0.3421f,1.375f,0.0568f,-0.3388f,-0.9391f,0f,0f,0f,0f,1f],start_interpolation: 0,interpolation_duration: 1}