# This file was generated by Animated Java via MC-Build. It is not recommended to edit this file directly.
$data merge entity $(bone_head) {transformation: [-0.9983f,0.0019f,-0.0582f,0f,-0.0083f,0.9844f,0.1758f,1.5f,0.0576f,0.176f,-0.9827f,0f,0f,0f,0f,1f],start_interpolation: 0,interpolation_duration: 1}
$data merge entity $(bone_right_arm) {transformation: [-0.9686f,0.248f,-0.0191f,-0.3125f,0.2373f,0.8982f,-0.3701f,1.375f,-0.0747f,-0.363f,-0.9288f,0f,0f,0f,0f,1f],start_interpolation: 0,interpolation_duration: 1}
$data merge entity $(bone_left_arm) {transformation: [-0.9679f,-0.2509f,0.0162f,0.3125f,-0.2399f,0.9022f,-0.3585f,1.375f,0.0753f,-0.3509f,-0.9334f,0f,0f,0f,0f,1f],start_interpolation: 0,interpolation_duration: 1}