# This file was generated by Animated Java via MC-Build. It is not recommended to edit this file directly.
$data merge entity $(bone_head) {transformation: [-0.9995f,0.0033f,-0.0325f,0f,-0.0025f,0.9841f,0.1777f,1.5f,0.0325f,0.1777f,-0.9835f,0f,0f,0f,0f,1f],start_interpolation: 0,interpolation_duration: 1}
$data merge entity $(bone_right_arm) {transformation: [-0.9672f,0.2533f,-0.0209f,-0.3125f,0.2424f,0.8947f,-0.3751f,1.375f,-0.0763f,-0.3678f,-0.9268f,0f,0f,0f,0f,1f],start_interpolation: 0,interpolation_duration: 1}
$data merge entity $(bone_left_arm) {transformation: [-0.9678f,-0.2516f,0.0107f,0.3125f,-0.2381f,0.9003f,-0.3644f,1.375f,0.0821f,-0.3552f,-0.9312f,0f,0f,0f,0f,1f],start_interpolation: 0,interpolation_duration: 1}