# This file was generated by Animated Java via MC-Build. It is not recommended to edit this file directly.
$data merge entity $(bone_head) {transformation: [-1f,0.0045f,-0.0075f,0f,0.0031f,0.9838f,0.1793f,1.5f,0.0082f,0.1792f,-0.9838f,0f,0f,0f,0f,1f],start_interpolation: 0,interpolation_duration: 1}
$data merge entity $(bone_right_arm) {transformation: [-0.9658f,0.2584f,-0.0228f,-0.3125f,0.2474f,0.8913f,-0.3798f,1.375f,-0.0779f,-0.3725f,-0.9248f,0f,0f,0f,0f,1f],start_interpolation: 0,interpolation_duration: 1}
$data merge entity $(bone_left_arm) {transformation: [-0.9676f,-0.2524f,0.0052f,0.3125f,-0.2363f,0.8983f,-0.3703f,1.375f,0.0888f,-0.3595f,-0.9289f,0f,0f,0f,0f,1f],start_interpolation: 0,interpolation_duration: 1}