# This file was generated by Animated Java via MC-Build. It is not recommended to edit this file directly.
$data merge entity $(bone_head) {transformation: [-0.9998f,0.0057f,0.0164f,0f,0.0085f,0.9835f,0.1805f,1.5f,-0.0152f,0.1806f,-0.9834f,0f,0f,0f,0f,1f],start_interpolation: 0,interpolation_duration: 1}
$data merge entity $(bone_right_arm) {transformation: [-0.9644f,0.2633f,-0.0246f,-0.3125f,0.2523f,0.888f,-0.3844f,1.375f,-0.0794f,-0.377f,-0.9228f,0f,0f,0f,0f,1f],start_interpolation: 0,interpolation_duration: 1}
$data merge entity $(bone_left_arm) {transformation: [-0.9674f,-0.2532f,-0.0001f,0.3125f,-0.2346f,0.8964f,-0.376f,1.375f,0.0953f,-0.3637f,-0.9266f,0f,0f,0f,0f,1f],start_interpolation: 0,interpolation_duration: 1}