# This file was generated by Animated Java via MC-Build. It is not recommended to edit this file directly.
$data merge entity $(bone_head) {transformation: [-0.9992f,0.0067f,0.0394f,0f,0.0137f,0.9833f,0.1815f,1.5f,-0.0375f,0.1819f,-0.9826f,0f,0f,0f,0f,1f],start_interpolation: 0,interpolation_duration: 1}
$data merge entity $(bone_right_arm) {transformation: [-0.963f,0.2681f,-0.0264f,-0.3125f,0.2569f,0.8847f,-0.3889f,1.375f,-0.0809f,-0.3813f,-0.9209f,0f,0f,0f,0f,1f],start_interpolation: 0,interpolation_duration: 1}
$data merge entity $(bone_left_arm) {transformation: [-0.9672f,-0.2541f,-0.0053f,0.3125f,-0.2329f,0.8946f,-0.3814f,1.375f,0.1017f,-0.3677f,-0.9244f,0f,0f,0f,0f,1f],start_interpolation: 0,interpolation_duration: 1}