# This file was generated by Animated Java via MC-Build. It is not recommended to edit this file directly.
$data merge entity $(bone_head) {transformation: [-0.9981f,0.0076f,0.0613f,0f,0.0187f,0.9831f,0.1822f,1.5f,-0.0589f,0.183f,-0.9814f,0f,0f,0f,0f,1f],start_interpolation: 0,interpolation_duration: 1}
$data merge entity $(bone_right_arm) {transformation: [-0.9617f,0.2726f,-0.0282f,-0.3125f,0.2614f,0.8816f,-0.393f,1.375f,-0.0823f,-0.3853f,-0.9191f,0f,0f,0f,0f,1f],start_interpolation: 0,interpolation_duration: 1}
$data merge entity $(bone_left_arm) {transformation: [-0.9669f,-0.2549f,-0.0102f,0.3125f,-0.2313f,0.8928f,-0.3866f,1.375f,0.1077f,-0.3715f,-0.9222f,0f,0f,0f,0f,1f],start_interpolation: 0,interpolation_duration: 1}