# This file was generated by Animated Java via MC-Build. It is not recommended to edit this file directly.
$data merge entity $(bone_head) {transformation: [-0.9966f,0.0084f,0.0819f,0f,0.0233f,0.9829f,0.1826f,1.5f,-0.079f,0.1839f,-0.9798f,0f,0f,0f,0f,1f],start_interpolation: 0,interpolation_duration: 1}
$data merge entity $(bone_right_arm) {transformation: [-0.9605f,0.2767f,-0.0299f,-0.3125f,0.2655f,0.8786f,-0.3969f,1.375f,-0.0836f,-0.3892f,-0.9174f,0f,0f,0f,0f,1f],start_interpolation: 0,interpolation_duration: 1}
$data merge entity $(bone_left_arm) {transformation: [-0.9666f,-0.2558f,-0.0149f,0.3125f,-0.2298f,0.891f,-0.3915f,1.375f,0.1134f,-0.375f,-0.92f,0f,0f,0f,0f,1f],start_interpolation: 0,interpolation_duration: 1}