# This file was generated by Animated Java via MC-Build. It is not recommended to edit this file directly.
$data merge entity $(bone_head) {transformation: [-0.9948f,0.0091f,0.1013f,0f,0.0276f,0.9827f,0.1829f,1.5f,-0.0979f,0.1847f,-0.9779f,0f,0f,0f,0f,1f],start_interpolation: 0,interpolation_duration: 1}
$data merge entity $(bone_right_arm) {transformation: [-0.9593f,0.2806f,-0.0315f,-0.3125f,0.2693f,0.8758f,-0.4006f,1.375f,-0.0848f,-0.3927f,-0.9157f,0f,0f,0f,0f,1f],start_interpolation: 0,interpolation_duration: 1}
$data merge entity $(bone_left_arm) {transformation: [-0.9663f,-0.2566f,-0.0193f,0.3125f,-0.2283f,0.8894f,-0.3961f,1.375f,0.1188f,-0.3784f,-0.918f,0f,0f,0f,0f,1f],start_interpolation: 0,interpolation_duration: 1}