# This file was generated by Animated Java via MC-Build. It is not recommended to edit this file directly.
$data merge entity $(bone_head) {transformation: [-0.9928f,0.0098f,0.1194f,0f,0.0317f,0.9826f,0.183f,1.5f,-0.1155f,0.1854f,-0.9758f,0f,0f,0f,0f,1f],start_interpolation: 0,interpolation_duration: 1}
$data merge entity $(bone_right_arm) {transformation: [-0.9582f,0.2842f,-0.033f,-0.3125f,0.2729f,0.8732f,-0.4039f,1.375f,-0.086f,-0.396f,-0.9142f,0f,0f,0f,0f,1f],start_interpolation: 0,interpolation_duration: 1}
$data merge entity $(bone_left_arm) {transformation: [-0.966f,-0.2574f,-0.0233f,0.3125f,-0.227f,0.8878f,-0.4003f,1.375f,0.1237f,-0.3814f,-0.9161f,0f,0f,0f,0f,1f],start_interpolation: 0,interpolation_duration: 1}