# This file was generated by Animated Java via MC-Build. It is not recommended to edit this file directly.
$data merge entity $(bone_head) {transformation: [-0.9906f,0.0103f,0.1361f,0f,0.0354f,0.9825f,0.1829f,1.5f,-0.1318f,0.186f,-0.9737f,0f,0f,0f,0f,1f],start_interpolation: 0,interpolation_duration: 1}
$data merge entity $(bone_right_arm) {transformation: [-0.9572f,0.2874f,-0.0344f,-0.3125f,0.276f,0.8708f,-0.4068f,1.375f,-0.087f,-0.3989f,-0.9129f,0f,0f,0f,0f,1f],start_interpolation: 0,interpolation_duration: 1}
$data merge entity $(bone_left_arm) {transformation: [-0.9657f,-0.2582f,-0.0269f,0.3125f,-0.2258f,0.8864f,-0.404f,1.375f,0.1281f,-0.3841f,-0.9143f,0f,0f,0f,0f,1f],start_interpolation: 0,interpolation_duration: 1}