# This file was generated by Animated Java via MC-Build. It is not recommended to edit this file directly.
$data merge entity $(bone_head) {transformation: [-0.9997f,-0.0018f,-0.0263f,0f,-0.0079f,0.9721f,0.2344f,1.5f,0.0251f,0.2346f,-0.9718f,0f,0f,0f,0f,1f],start_interpolation: 0,interpolation_duration: 1}
$data merge entity $(bone_right_arm) {transformation: [-0.9706f,0.2402f,-0.0165f,-0.3125f,0.2297f,0.9031f,-0.3628f,1.375f,-0.0722f,-0.356f,-0.9317f,0f,0f,0f,0f,1f],start_interpolation: 0,interpolation_duration: 1}
$data merge entity $(bone_left_arm) {transformation: [-0.968f,-0.2497f,0.0265f,0.3125f,-0.2431f,0.9056f,-0.3474f,1.375f,0.0628f,-0.3427f,-0.9373f,0f,0f,0f,0f,1f],start_interpolation: 0,interpolation_duration: 1}