# This file was generated by Animated Java via MC-Build. It is not recommended to edit this file directly.
$data merge entity $(bone_head) {transformation: [-0.9884f,0.0108f,0.1513f,0f,0.0387f,0.9824f,0.1828f,1.5f,-0.1466f,0.1865f,-0.9715f,0f,0f,0f,0f,1f],start_interpolation: 0,interpolation_duration: 1}
$data merge entity $(bone_right_arm) {transformation: [-0.9563f,0.2902f,-0.0356f,-0.3125f,0.2788f,0.8687f,-0.4094f,1.375f,-0.0879f,-0.4015f,-0.9116f,0f,0f,0f,0f,1f],start_interpolation: 0,interpolation_duration: 1}
$data merge entity $(bone_left_arm) {transformation: [-0.9654f,-0.2589f,-0.0301f,0.3125f,-0.2247f,0.8852f,-0.4074f,1.375f,0.1321f,-0.3865f,-0.9128f,0f,0f,0f,0f,1f],start_interpolation: 0,interpolation_duration: 1}