# This file was generated by Animated Java via MC-Build. It is not recommended to edit this file directly.
$data merge entity $(bone_head) {transformation: [-0.9862f,0.0113f,0.165f,0f,0.0418f,0.9823f,0.1825f,1.5f,-0.16f,0.1869f,-0.9693f,0f,0f,0f,0f,1f],start_interpolation: 0,interpolation_duration: 1}
$data merge entity $(bone_right_arm) {transformation: [-0.9555f,0.2926f,-0.0367f,-0.3125f,0.2812f,0.8669f,-0.4117f,1.375f,-0.0886f,-0.4037f,-0.9106f,0f,0f,0f,0f,1f],start_interpolation: 0,interpolation_duration: 1}
$data merge entity $(bone_left_arm) {transformation: [-0.9652f,-0.2595f,-0.0328f,0.3125f,-0.2238f,0.8841f,-0.4102f,1.375f,0.1355f,-0.3886f,-0.9114f,0f,0f,0f,0f,1f],start_interpolation: 0,interpolation_duration: 1}