# This file was generated by Animated Java via MC-Build. It is not recommended to edit this file directly.
$data merge entity $(bone_head) {transformation: [-0.9841f,0.0116f,0.1772f,0f,0.0444f,0.9822f,0.1823f,1.5f,-0.1719f,0.1872f,-0.9672f,0f,0f,0f,0f,1f],start_interpolation: 0,interpolation_duration: 1}
$data merge entity $(bone_right_arm) {transformation: [-0.9549f,0.2946f,-0.0376f,-0.3125f,0.2832f,0.8653f,-0.4135f,1.375f,-0.0893f,-0.4055f,-0.9097f,0f,0f,0f,0f,1f],start_interpolation: 0,interpolation_duration: 1}
$data merge entity $(bone_left_arm) {transformation: [-0.965f,-0.26f,-0.0351f,0.3125f,-0.223f,0.8832f,-0.4126f,1.375f,0.1383f,-0.3903f,-0.9102f,0f,0f,0f,0f,1f],start_interpolation: 0,interpolation_duration: 1}