# This file was generated by Animated Java via MC-Build. It is not recommended to edit this file directly.
$data merge entity $(bone_head) {transformation: [-0.9821f,0.0119f,0.1878f,0f,0.0467f,0.9822f,0.182f,1.5f,-0.1823f,0.1875f,-0.9652f,0f,0f,0f,0f,1f],start_interpolation: 0,interpolation_duration: 1}
$data merge entity $(bone_right_arm) {transformation: [-0.9544f,0.2961f,-0.0383f,-0.3125f,0.2848f,0.8641f,-0.415f,1.375f,-0.0898f,-0.407f,-0.909f,0f,0f,0f,0f,1f],start_interpolation: 0,interpolation_duration: 1}
$data merge entity $(bone_left_arm) {transformation: [-0.9648f,-0.2604f,-0.0369f,0.3125f,-0.2224f,0.8825f,-0.4144f,1.375f,0.1405f,-0.3916f,-0.9093f,0f,0f,0f,0f,1f],start_interpolation: 0,interpolation_duration: 1}