# This file was generated by Animated Java via MC-Build. It is not recommended to edit this file directly.
$data merge entity $(bone_head) {transformation: [-0.9804f,0.0122f,0.1969f,0f,0.0487f,0.9821f,0.1817f,1.5f,-0.1911f,0.1877f,-0.9635f,0f,0f,0f,0f,1f],start_interpolation: 0,interpolation_duration: 1}
$data merge entity $(bone_right_arm) {transformation: [-0.954f,0.2972f,-0.0388f,-0.3125f,0.2859f,0.8632f,-0.416f,1.375f,-0.0901f,-0.408f,-0.9085f,0f,0f,0f,0f,1f],start_interpolation: 0,interpolation_duration: 1}
$data merge entity $(bone_left_arm) {transformation: [-0.9647f,-0.2607f,-0.0382f,0.3125f,-0.2219f,0.882f,-0.4158f,1.375f,0.1421f,-0.3926f,-0.9087f,0f,0f,0f,0f,1f],start_interpolation: 0,interpolation_duration: 1}