# This file was generated by Animated Java via MC-Build. It is not recommended to edit this file directly.
$data merge entity $(bone_head) {transformation: [-0.9776f,0.0126f,0.2101f,0f,0.0516f,0.9821f,0.1812f,1.5f,-0.204f,0.188f,-0.9607f,0f,0f,0f,0f,1f],start_interpolation: 0,interpolation_duration: 1}
$data merge entity $(bone_right_arm) {transformation: [-0.9537f,0.2981f,-0.0392f,-0.3125f,0.2868f,0.8625f,-0.4169f,1.375f,-0.0904f,-0.4088f,-0.9081f,0f,0f,0f,0f,1f],start_interpolation: 0,interpolation_duration: 1}
$data merge entity $(bone_left_arm) {transformation: [-0.9645f,-0.261f,-0.0392f,0.3125f,-0.2216f,0.8816f,-0.4169f,1.375f,0.1434f,-0.3934f,-0.9081f,0f,0f,0f,0f,1f],start_interpolation: 0,interpolation_duration: 1}