# This file was generated by Animated Java via MC-Build. It is not recommended to edit this file directly.
$data merge entity $(bone_head) {transformation: [-0.9767f,0.0127f,0.2142f,0f,0.0525f,0.9821f,0.181f,1.5f,-0.2081f,0.1881f,-0.9599f,0f,0f,0f,0f,1f],start_interpolation: 0,interpolation_duration: 1}
$data merge entity $(bone_right_arm) {transformation: [-0.9538f,0.2979f,-0.0391f,-0.3125f,0.2865f,0.8627f,-0.4166f,1.375f,-0.0903f,-0.4086f,-0.9082f,0f,0f,0f,0f,1f],start_interpolation: 0,interpolation_duration: 1}
$data merge entity $(bone_left_arm) {transformation: [-0.9646f,-0.2609f,-0.039f,0.3125f,-0.2216f,0.8816f,-0.4166f,1.375f,0.1431f,-0.3932f,-0.9082f,0f,0f,0f,0f,1f],start_interpolation: 0,interpolation_duration: 1}