# This file was generated by Animated Java via MC-Build. It is not recommended to edit this file directly.
$data merge entity $(bone_head) {transformation: [-0.9762f,0.0128f,0.2167f,0f,0.053f,0.9821f,0.1809f,1.5f,-0.2105f,0.1881f,-0.9593f,0f,0f,0f,0f,1f],start_interpolation: 0,interpolation_duration: 1}
$data merge entity $(bone_right_arm) {transformation: [-0.954f,0.2972f,-0.0388f,-0.3125f,0.2858f,0.8633f,-0.416f,1.375f,-0.0901f,-0.4079f,-0.9085f,0f,0f,0f,0f,1f],start_interpolation: 0,interpolation_duration: 1}
$data merge entity $(bone_left_arm) {transformation: [-0.9646f,-0.2608f,-0.0383f,0.3125f,-0.2219f,0.8819f,-0.4159f,1.375f,0.1423f,-0.3927f,-0.9086f,0f,0f,0f,0f,1f],start_interpolation: 0,interpolation_duration: 1}