# This file was generated by Animated Java via MC-Build. It is not recommended to edit this file directly.
$data merge entity $(bone_head) {transformation: [-0.976f,0.0128f,0.2175f,0f,0.0532f,0.9821f,0.1809f,1.5f,-0.2113f,0.1881f,-0.9591f,0f,0f,0f,0f,1f],start_interpolation: 0,interpolation_duration: 1}
$data merge entity $(bone_right_arm) {transformation: [-0.9544f,0.296f,-0.0383f,-0.3125f,0.2846f,0.8642f,-0.4149f,1.375f,-0.0897f,-0.4068f,-0.9091f,0f,0f,0f,0f,1f],start_interpolation: 0,interpolation_duration: 1}
$data merge entity $(bone_left_arm) {transformation: [-0.9648f,-0.2605f,-0.0372f,0.3125f,-0.2223f,0.8824f,-0.4147f,1.375f,0.1408f,-0.3918f,-0.9092f,0f,0f,0f,0f,1f],start_interpolation: 0,interpolation_duration: 1}