# This file was generated by Animated Java via MC-Build. It is not recommended to edit this file directly.
$data merge entity $(bone_head) {transformation: [-0.9989f,-0.0026f,-0.0464f,0f,-0.0132f,0.9728f,0.2312f,1.5f,0.0446f,0.2316f,-0.9718f,0f,0f,0f,0f,1f],start_interpolation: 0,interpolation_duration: 1}
$data merge entity $(bone_right_arm) {transformation: [-0.9691f,0.2461f,-0.0184f,-0.3125f,0.2354f,0.8994f,-0.3683f,1.375f,-0.0741f,-0.3613f,-0.9295f,0f,0f,0f,0f,1f],start_interpolation: 0,interpolation_duration: 1}
$data merge entity $(bone_left_arm) {transformation: [-0.9679f,-0.2503f,0.0215f,0.3125f,-0.2416f,0.904f,-0.3528f,1.375f,0.0688f,-0.3467f,-0.9355f,0f,0f,0f,0f,1f],start_interpolation: 0,interpolation_duration: 1}