# This file was generated by Animated Java via MC-Build. It is not recommended to edit this file directly.
$data merge entity $(bone_head) {transformation: [-0.976f,0.0127f,0.2174f,0f,0.0532f,0.982f,0.1811f,1.5f,-0.2112f,0.1883f,-0.9591f,0f,0f,0f,0f,1f],start_interpolation: 0,interpolation_duration: 1}
$data merge entity $(bone_right_arm) {transformation: [-0.955f,0.2943f,-0.0375f,-0.3125f,0.283f,0.8655f,-0.4133f,1.375f,-0.0892f,-0.4053f,-0.9098f,0f,0f,0f,0f,1f],start_interpolation: 0,interpolation_duration: 1}
$data merge entity $(bone_left_arm) {transformation: [-0.9649f,-0.2601f,-0.0356f,0.3125f,-0.2228f,0.883f,-0.4131f,1.375f,0.1389f,-0.3906f,-0.91f,0f,0f,0f,0f,1f],start_interpolation: 0,interpolation_duration: 1}