# This file was generated by Animated Java via MC-Build. It is not recommended to edit this file directly.
$data merge entity $(bone_head) {transformation: [-0.9761f,0.0126f,0.2171f,0f,0.0531f,0.9819f,0.1816f,1.5f,-0.2109f,0.1888f,-0.9591f,0f,0f,0f,0f,1f],start_interpolation: 0,interpolation_duration: 1}
$data merge entity $(bone_right_arm) {transformation: [-0.9556f,0.2922f,-0.0365f,-0.3125f,0.2809f,0.8671f,-0.4114f,1.375f,-0.0885f,-0.4034f,-0.9107f,0f,0f,0f,0f,1f],start_interpolation: 0,interpolation_duration: 1}
$data merge entity $(bone_left_arm) {transformation: [-0.9651f,-0.2597f,-0.0335f,0.3125f,-0.2235f,0.8838f,-0.4109f,1.375f,0.1363f,-0.3891f,-0.911f,0f,0f,0f,0f,1f],start_interpolation: 0,interpolation_duration: 1}