# This file was generated by Animated Java via MC-Build. It is not recommended to edit this file directly.
$data merge entity $(bone_head) {transformation: [-0.9762f,0.0124f,0.2166f,0f,0.053f,0.9818f,0.1825f,1.5f,-0.2104f,0.1896f,-0.959f,0f,0f,0f,0f,1f],start_interpolation: 0,interpolation_duration: 1}
$data merge entity $(bone_right_arm) {transformation: [-0.9565f,0.2897f,-0.0354f,-0.3125f,0.2784f,0.869f,-0.409f,1.375f,-0.0877f,-0.4011f,-0.9118f,0f,0f,0f,0f,1f],start_interpolation: 0,interpolation_duration: 1}
$data merge entity $(bone_left_arm) {transformation: [-0.9653f,-0.2591f,-0.0311f,0.3125f,-0.2243f,0.8848f,-0.4084f,1.375f,0.1333f,-0.3873f,-0.9123f,0f,0f,0f,0f,1f],start_interpolation: 0,interpolation_duration: 1}