# This file was generated by Animated Java via MC-Build. It is not recommended to edit this file directly.
$data merge entity $(bone_head) {transformation: [-0.9763f,0.0122f,0.2159f,0f,0.0529f,0.9815f,0.1838f,1.5f,-0.2097f,0.1908f,-0.959f,0f,0f,0f,0f,1f],start_interpolation: 0,interpolation_duration: 1}
$data merge entity $(bone_right_arm) {transformation: [-0.9574f,0.2868f,-0.0341f,-0.3125f,0.2754f,0.8713f,-0.4063f,1.375f,-0.0868f,-0.3983f,-0.9131f,0f,0f,0f,0f,1f],start_interpolation: 0,interpolation_duration: 1}
$data merge entity $(bone_left_arm) {transformation: [-0.9656f,-0.2585f,-0.0282f,0.3125f,-0.2253f,0.8859f,-0.4054f,1.375f,0.1298f,-0.3851f,-0.9137f,0f,0f,0f,0f,1f],start_interpolation: 0,interpolation_duration: 1}