# This file was generated by Animated Java via MC-Build. It is not recommended to edit this file directly.
$data merge entity $(bone_head) {transformation: [-0.9765f,0.0118f,0.215f,0f,0.0527f,0.9813f,0.1853f,1.5f,-0.2088f,0.1923f,-0.9589f,0f,0f,0f,0f,1f],start_interpolation: 0,interpolation_duration: 1}
$data merge entity $(bone_right_arm) {transformation: [-0.9584f,0.2834f,-0.0327f,-0.3125f,0.2721f,0.8738f,-0.4031f,1.375f,-0.0857f,-0.3953f,-0.9146f,0f,0f,0f,0f,1f],start_interpolation: 0,interpolation_duration: 1}
$data merge entity $(bone_left_arm) {transformation: [-0.9659f,-0.2578f,-0.025f,0.3125f,-0.2264f,0.8872f,-0.4021f,1.375f,0.1258f,-0.3827f,-0.9153f,0f,0f,0f,0f,1f],start_interpolation: 0,interpolation_duration: 1}