# This file was generated by Animated Java via MC-Build. It is not recommended to edit this file directly.
$data merge entity $(bone_head) {transformation: [-0.9768f,0.0114f,0.2139f,0f,0.0525f,0.9809f,0.1872f,1.5f,-0.2077f,0.1941f,-0.9588f,0f,0f,0f,0f,1f],start_interpolation: 0,interpolation_duration: 1}
$data merge entity $(bone_right_arm) {transformation: [-0.9596f,0.2797f,-0.0311f,-0.3125f,0.2684f,0.8765f,-0.3997f,1.375f,-0.0845f,-0.3918f,-0.9161f,0f,0f,0f,0f,1f],start_interpolation: 0,interpolation_duration: 1}
$data merge entity $(bone_left_arm) {transformation: [-0.9662f,-0.2571f,-0.0214f,0.3125f,-0.2276f,0.8886f,-0.3983f,1.375f,0.1214f,-0.38f,-0.917f,0f,0f,0f,0f,1f],start_interpolation: 0,interpolation_duration: 1}