# This file was generated by Animated Java via MC-Build. It is not recommended to edit this file directly.
$data merge entity $(bone_head) {transformation: [-0.9771f,0.011f,0.2126f,0f,0.0523f,0.9805f,0.1894f,1.5f,-0.2064f,0.1962f,-0.9586f,0f,0f,0f,0f,1f],start_interpolation: 0,interpolation_duration: 1}
$data merge entity $(bone_right_arm) {transformation: [-0.9608f,0.2756f,-0.0294f,-0.3125f,0.2643f,0.8794f,-0.3958f,1.375f,-0.0832f,-0.3881f,-0.9178f,0f,0f,0f,0f,1f],start_interpolation: 0,interpolation_duration: 1}
$data merge entity $(bone_left_arm) {transformation: [-0.9664f,-0.2563f,-0.0174f,0.3125f,-0.2289f,0.8901f,-0.3942f,1.375f,0.1165f,-0.377f,-0.9189f,0f,0f,0f,0f,1f],start_interpolation: 0,interpolation_duration: 1}