# This file was generated by Animated Java via MC-Build. It is not recommended to edit this file directly.
$data merge entity $(bone_head) {transformation: [-0.9774f,0.0105f,0.2112f,0f,0.052f,0.98f,0.1919f,1.5f,-0.205f,0.1985f,-0.9584f,0f,0f,0f,0f,1f],start_interpolation: 0,interpolation_duration: 1}
$data merge entity $(bone_right_arm) {transformation: [-0.9621f,0.2712f,-0.0276f,-0.3125f,0.26f,0.8826f,-0.3917f,1.375f,-0.0819f,-0.3841f,-0.9197f,0f,0f,0f,0f,1f],start_interpolation: 0,interpolation_duration: 1}
$data merge entity $(bone_left_arm) {transformation: [-0.9667f,-0.2555f,-0.0132f,0.3125f,-0.2303f,0.8917f,-0.3898f,1.375f,0.1113f,-0.3737f,-0.9208f,0f,0f,0f,0f,1f],start_interpolation: 0,interpolation_duration: 1}