# This file was generated by Animated Java via MC-Build. It is not recommended to edit this file directly.
$data merge entity $(bone_head) {transformation: [-0.9777f,0.01f,0.2096f,0f,0.0517f,0.9795f,0.1946f,1.5f,-0.2034f,0.2011f,-0.9582f,0f,0f,0f,0f,1f],start_interpolation: 0,interpolation_duration: 1}
$data merge entity $(bone_right_arm) {transformation: [-0.9635f,0.2665f,-0.0258f,-0.3125f,0.2554f,0.8859f,-0.3874f,1.375f,-0.0804f,-0.3798f,-0.9216f,0f,0f,0f,0f,1f],start_interpolation: 0,interpolation_duration: 1}
$data merge entity $(bone_left_arm) {transformation: [-0.967f,-0.2547f,-0.0087f,0.3125f,-0.2318f,0.8933f,-0.385f,1.375f,0.1058f,-0.3703f,-0.9229f,0f,0f,0f,0f,1f],start_interpolation: 0,interpolation_duration: 1}