# This file was generated by Animated Java via MC-Build. It is not recommended to edit this file directly.
$data merge entity $(bone_head) {transformation: [-0.9781f,0.0094f,0.2079f,0f,0.0514f,0.979f,0.1975f,1.5f,-0.2017f,0.2039f,-0.958f,0f,0f,0f,0f,1f],start_interpolation: 0,interpolation_duration: 1}
$data merge entity $(bone_right_arm) {transformation: [-0.9649f,0.2615f,-0.0239f,-0.3125f,0.2505f,0.8892f,-0.3828f,1.375f,-0.0788f,-0.3753f,-0.9235f,0f,0f,0f,0f,1f],start_interpolation: 0,interpolation_duration: 1}
$data merge entity $(bone_left_arm) {transformation: [-0.9672f,-0.2539f,-0.004f,0.3125f,-0.2333f,0.895f,-0.3801f,1.375f,0.1001f,-0.3667f,-0.925f,0f,0f,0f,0f,1f],start_interpolation: 0,interpolation_duration: 1}