# This file was generated by Animated Java via MC-Build. It is not recommended to edit this file directly.
$data merge entity $(bone_head) {transformation: [-0.9978f,-0.0035f,-0.0668f,0f,-0.0186f,0.9735f,0.2278f,1.5f,0.0642f,0.2285f,-0.9714f,0f,0f,0f,0f,1f],start_interpolation: 0,interpolation_duration: 1}
$data merge entity $(bone_right_arm) {transformation: [-0.9675f,0.2519f,-0.0204f,-0.3125f,0.241f,0.8957f,-0.3737f,1.375f,-0.0758f,-0.3665f,-0.9273f,0f,0f,0f,0f,1f],start_interpolation: 0,interpolation_duration: 1}
$data merge entity $(bone_left_arm) {transformation: [-0.9679f,-0.2509f,0.0165f,0.3125f,-0.24f,0.9023f,-0.3582f,1.375f,0.0749f,-0.3506f,-0.9335f,0f,0f,0f,0f,1f],start_interpolation: 0,interpolation_duration: 1}