# This file was generated by Animated Java via MC-Build. It is not recommended to edit this file directly.
$data merge entity $(bone_head) {transformation: [-0.9785f,0.0088f,0.2061f,0f,0.051f,0.9783f,0.2006f,1.5f,-0.1998f,0.2068f,-0.9577f,0f,0f,0f,0f,1f],start_interpolation: 0,interpolation_duration: 1}
$data merge entity $(bone_right_arm) {transformation: [-0.9663f,0.2564f,-0.022f,-0.3125f,0.2455f,0.8927f,-0.3779f,1.375f,-0.0772f,-0.3706f,-0.9256f,0f,0f,0f,0f,1f],start_interpolation: 0,interpolation_duration: 1}
$data merge entity $(bone_left_arm) {transformation: [-0.9674f,-0.2531f,0.0009f,0.3125f,-0.2349f,0.8968f,-0.3748f,1.375f,0.094f,-0.3629f,-0.9271f,0f,0f,0f,0f,1f],start_interpolation: 0,interpolation_duration: 1}