# This file was generated by Animated Java via MC-Build. It is not recommended to edit this file directly.
$data merge entity $(bone_head) {transformation: [-0.9789f,0.0081f,0.2041f,0f,0.0507f,0.9777f,0.2039f,1.5f,-0.1979f,0.21f,-0.9575f,0f,0f,0f,0f,1f],start_interpolation: 0,interpolation_duration: 1}
$data merge entity $(bone_right_arm) {transformation: [-0.9678f,0.251f,-0.0201f,-0.3125f,0.2402f,0.8962f,-0.373f,1.375f,-0.0756f,-0.3658f,-0.9276f,0f,0f,0f,0f,1f],start_interpolation: 0,interpolation_duration: 1}
$data merge entity $(bone_left_arm) {transformation: [-0.9676f,-0.2523f,0.006f,0.3125f,-0.2366f,0.8986f,-0.3695f,1.375f,0.0878f,-0.3589f,-0.9292f,0f,0f,0f,0f,1f],start_interpolation: 0,interpolation_duration: 1}