# This file was generated by Animated Java via MC-Build. It is not recommended to edit this file directly.
$data merge entity $(bone_head) {transformation: [-0.9793f,0.0075f,0.2021f,0f,0.0503f,0.977f,0.2074f,1.5f,-0.1959f,0.2133f,-0.9572f,0f,0f,0f,0f,1f],start_interpolation: 0,interpolation_duration: 1}
$data merge entity $(bone_right_arm) {transformation: [-0.9692f,0.2456f,-0.0183f,-0.3125f,0.2349f,0.8997f,-0.3679f,1.375f,-0.0739f,-0.3608f,-0.9297f,0f,0f,0f,0f,1f],start_interpolation: 0,interpolation_duration: 1}
$data merge entity $(bone_left_arm) {transformation: [-0.9678f,-0.2516f,0.0112f,0.3125f,-0.2382f,0.9004f,-0.3639f,1.375f,0.0815f,-0.3549f,-0.9314f,0f,0f,0f,0f,1f],start_interpolation: 0,interpolation_duration: 1}