# This file was generated by Animated Java via MC-Build. It is not recommended to edit this file directly.
$data merge entity $(bone_head) {transformation: [-0.9798f,0.0069f,0.2f,0f,0.0499f,0.9762f,0.2109f,1.5f,-0.1938f,0.2166f,-0.9568f,0f,0f,0f,0f,1f],start_interpolation: 0,interpolation_duration: 1}
$data merge entity $(bone_right_arm) {transformation: [-0.9706f,0.24f,-0.0165f,-0.3125f,0.2295f,0.9032f,-0.3627f,1.375f,-0.0722f,-0.3558f,-0.9318f,0f,0f,0f,0f,1f],start_interpolation: 0,interpolation_duration: 1}
$data merge entity $(bone_left_arm) {transformation: [-0.9679f,-0.2509f,0.0164f,0.3125f,-0.2399f,0.9022f,-0.3583f,1.375f,0.0751f,-0.3507f,-0.9335f,0f,0f,0f,0f,1f],start_interpolation: 0,interpolation_duration: 1}