# This file was generated by Animated Java via MC-Build. It is not recommended to edit this file directly.
$data merge entity $(bone_head) {transformation: [-0.9802f,0.0062f,0.1979f,0f,0.0495f,0.9755f,0.2145f,1.5f,-0.1917f,0.2201f,-0.9565f,0f,0f,0f,0f,1f],start_interpolation: 0,interpolation_duration: 1}
$data merge entity $(bone_right_arm) {transformation: [-0.972f,0.2344f,-0.0147f,-0.3125f,0.224f,0.9067f,-0.3575f,1.375f,-0.0705f,-0.3507f,-0.9338f,0f,0f,0f,0f,1f],start_interpolation: 0,interpolation_duration: 1}
$data merge entity $(bone_left_arm) {transformation: [-0.9679f,-0.2502f,0.0217f,0.3125f,-0.2416f,0.904f,-0.3526f,1.375f,0.0687f,-0.3466f,-0.9355f,0f,0f,0f,0f,1f],start_interpolation: 0,interpolation_duration: 1}