# This file was generated by Animated Java via MC-Build. It is not recommended to edit this file directly.
$data merge entity $(bone_head) {transformation: [-0.9806f,0.0056f,0.1957f,0f,0.0491f,0.9747f,0.2181f,1.5f,-0.1896f,0.2235f,-0.9561f,0f,0f,0f,0f,1f],start_interpolation: 0,interpolation_duration: 1}
$data merge entity $(bone_right_arm) {transformation: [-0.9734f,0.2288f,-0.013f,-0.3125f,0.2186f,0.91f,-0.3522f,1.375f,-0.0688f,-0.3457f,-0.9358f,0f,0f,0f,0f,1f],start_interpolation: 0,interpolation_duration: 1}
$data merge entity $(bone_left_arm) {transformation: [-0.968f,-0.2497f,0.0269f,0.3125f,-0.2433f,0.9058f,-0.347f,1.375f,0.0622f,-0.3424f,-0.9375f,0f,0f,0f,0f,1f],start_interpolation: 0,interpolation_duration: 1}