# This file was generated by Animated Java via MC-Build. It is not recommended to edit this file directly.
$data merge entity $(bone_head) {transformation: [-0.9811f,0.005f,0.1936f,0f,0.0487f,0.9739f,0.2218f,1.5f,-0.1874f,0.227f,-0.9557f,0f,0f,0f,0f,1f],start_interpolation: 0,interpolation_duration: 1}
$data merge entity $(bone_right_arm) {transformation: [-0.9747f,0.2233f,-0.0114f,-0.3125f,0.2132f,0.9133f,-0.347f,1.375f,-0.0671f,-0.3407f,-0.9378f,0f,0f,0f,0f,1f],start_interpolation: 0,interpolation_duration: 1}
$data merge entity $(bone_left_arm) {transformation: [-0.9679f,-0.2491f,0.0321f,0.3125f,-0.2449f,0.9075f,-0.3413f,1.375f,0.0559f,-0.3382f,-0.9394f,0f,0f,0f,0f,1f],start_interpolation: 0,interpolation_duration: 1}