# This file was generated by Animated Java via MC-Build. It is not recommended to edit this file directly.
$data merge entity $(bone_head) {transformation: [-0.9815f,0.0044f,0.1915f,0f,0.0483f,0.9731f,0.2253f,1.5f,-0.1853f,0.2304f,-0.9553f,0f,0f,0f,0f,1f],start_interpolation: 0,interpolation_duration: 1}
$data merge entity $(bone_right_arm) {transformation: [-0.9759f,0.2178f,-0.0099f,-0.3125f,0.208f,0.9164f,-0.342f,1.375f,-0.0654f,-0.3358f,-0.9397f,0f,0f,0f,0f,1f],start_interpolation: 0,interpolation_duration: 1}
$data merge entity $(bone_left_arm) {transformation: [-0.9679f,-0.2487f,0.0372f,0.3125f,-0.2465f,0.9091f,-0.3358f,1.375f,0.0497f,-0.3341f,-0.9412f,0f,0f,0f,0f,1f],start_interpolation: 0,interpolation_duration: 1}