# This file was generated by Animated Java via MC-Build. It is not recommended to edit this file directly.
$data merge entity $(bone_head) {transformation: [-0.9819f,0.0038f,0.1894f,0f,0.0479f,0.9723f,0.2289f,1.5f,-0.1832f,0.2338f,-0.9549f,0f,0f,0f,0f,1f],start_interpolation: 0,interpolation_duration: 1}
$data merge entity $(bone_right_arm) {transformation: [-0.9771f,0.2125f,-0.0085f,-0.3125f,0.2029f,0.9194f,-0.337f,1.375f,-0.0638f,-0.331f,-0.9415f,0f,0f,0f,0f,1f],start_interpolation: 0,interpolation_duration: 1}
$data merge entity $(bone_left_arm) {transformation: [-0.9678f,-0.2483f,0.0421f,0.3125f,-0.248f,0.9107f,-0.3303f,1.375f,0.0437f,-0.3302f,-0.9429f,0f,0f,0f,0f,1f],start_interpolation: 0,interpolation_duration: 1}