# This file was generated by Animated Java via MC-Build. It is not recommended to edit this file directly.
$data merge entity $(bone_head) {transformation: [-0.9823f,0.0033f,0.1873f,0f,0.0475f,0.9715f,0.2323f,1.5f,-0.1812f,0.237f,-0.9544f,0f,0f,0f,0f,1f],start_interpolation: 0,interpolation_duration: 1}
$data merge entity $(bone_right_arm) {transformation: [-0.9782f,0.2074f,-0.0072f,-0.3125f,0.1979f,0.9222f,-0.3322f,1.375f,-0.0623f,-0.3264f,-0.9432f,0f,0f,0f,0f,1f],start_interpolation: 0,interpolation_duration: 1}
$data merge entity $(bone_left_arm) {transformation: [-0.9676f,-0.2479f,0.0469f,0.3125f,-0.2495f,0.9122f,-0.3251f,1.375f,0.0378f,-0.3263f,-0.9445f,0f,0f,0f,0f,1f],start_interpolation: 0,interpolation_duration: 1}