# This file was generated by Animated Java via MC-Build. It is not recommended to edit this file directly.
$data merge entity $(bone_head) {transformation: [-0.9854f,0.0001f,0.1705f,0f,0.0441f,0.966f,0.2547f,1.5f,-0.1647f,0.2585f,-0.9519f,0f,0f,0f,0f,1f],start_interpolation: 0,interpolation_duration: 1}
$data merge entity $(bone_right_arm) {transformation: [-0.9846f,0.1748f,-0.0002f,-0.3125f,0.1667f,0.9387f,-0.3018f,1.375f,-0.0526f,-0.2972f,-0.9534f,0f,0f,0f,0f,1f],start_interpolation: 0,interpolation_duration: 1}
$data merge entity $(bone_left_arm) {transformation: [-0.966f,-0.2468f,0.077f,0.3125f,-0.2586f,0.921f,-0.2914f,1.375f,0.001f,-0.3014f,-0.9535f,0f,0f,0f,0f,1f],start_interpolation: 0,interpolation_duration: 1}