# This file was generated by Animated Java via MC-Build. It is not recommended to edit this file directly.
$data merge entity $(bone_head) {transformation: [-0.9962f,-0.0045f,-0.0872f,0f,-0.0241f,0.9743f,0.2241f,1.5f,0.084f,0.2253f,-0.9707f,0f,0f,0f,0f,1f],start_interpolation: 0,interpolation_duration: 1}
$data merge entity $(bone_right_arm) {transformation: [-0.966f,0.2575f,-0.0224f,-0.3125f,0.2465f,0.892f,-0.379f,1.375f,-0.0776f,-0.3716f,-0.9251f,0f,0f,0f,0f,1f],start_interpolation: 0,interpolation_duration: 1}
$data merge entity $(bone_left_arm) {transformation: [-0.9678f,-0.2515f,0.0116f,0.3125f,-0.2384f,0.9006f,-0.3635f,1.375f,0.081f,-0.3545f,-0.9315f,0f,0f,0f,0f,1f],start_interpolation: 0,interpolation_duration: 1}