# This file was generated by Animated Java via MC-Build. It is not recommended to edit this file directly.
$data merge entity $(bone_head) {transformation: [-0.9827f,0.0027f,0.1854f,0f,0.0471f,0.9707f,0.2355f,1.5f,-0.1793f,0.2402f,-0.954f,0f,0f,0f,0f,1f],start_interpolation: 0,interpolation_duration: 1}
$data merge entity $(bone_right_arm) {transformation: [-0.9793f,0.2025f,-0.006f,-0.3125f,0.1932f,0.9248f,-0.3276f,1.375f,-0.0608f,-0.322f,-0.9448f,0f,0f,0f,0f,1f],start_interpolation: 0,interpolation_duration: 1}
$data merge entity $(bone_left_arm) {transformation: [-0.9675f,-0.2477f,0.0514f,0.3125f,-0.2509f,0.9136f,-0.3201f,1.375f,0.0323f,-0.3226f,-0.946f,0f,0f,0f,0f,1f],start_interpolation: 0,interpolation_duration: 1}