# This file was generated by Animated Java via MC-Build. It is not recommended to edit this file directly.
$data merge entity $(bone_head) {transformation: [-0.983f,0.0023f,0.1835f,0f,0.0468f,0.97f,0.2386f,1.5f,-0.1774f,0.2432f,-0.9536f,0f,0f,0f,0f,1f],start_interpolation: 0,interpolation_duration: 1}
$data merge entity $(bone_right_arm) {transformation: [-0.9802f,0.1978f,-0.0049f,-0.3125f,0.1888f,0.9273f,-0.3233f,1.375f,-0.0594f,-0.3178f,-0.9463f,0f,0f,0f,0f,1f],start_interpolation: 0,interpolation_duration: 1}
$data merge entity $(bone_left_arm) {transformation: [-0.9673f,-0.2474f,0.0557f,0.3125f,-0.2522f,0.9149f,-0.3154f,1.375f,0.0271f,-0.3191f,-0.9473f,0f,0f,0f,0f,1f],start_interpolation: 0,interpolation_duration: 1}