# This file was generated by Animated Java via MC-Build. It is not recommended to edit this file directly.
$data merge entity $(bone_head) {transformation: [-0.9833f,0.0019f,0.1818f,0f,0.0465f,0.9693f,0.2415f,1.5f,-0.1757f,0.2459f,-0.9532f,0f,0f,0f,0f,1f],start_interpolation: 0,interpolation_duration: 1}
$data merge entity $(bone_right_arm) {transformation: [-0.9811f,0.1935f,-0.0039f,-0.3125f,0.1846f,0.9295f,-0.3193f,1.375f,-0.0581f,-0.3139f,-0.9477f,0f,0f,0f,0f,1f],start_interpolation: 0,interpolation_duration: 1}
$data merge entity $(bone_left_arm) {transformation: [-0.9671f,-0.2473f,0.0597f,0.3125f,-0.2534f,0.916f,-0.3109f,1.375f,0.0222f,-0.3158f,-0.9486f,0f,0f,0f,0f,1f],start_interpolation: 0,interpolation_duration: 1}