# This file was generated by Animated Java via MC-Build. It is not recommended to edit this file directly.
$data merge entity $(bone_head) {transformation: [-0.9836f,0.0015f,0.1801f,0f,0.0462f,0.9686f,0.2442f,1.5f,-0.1741f,0.2485f,-0.9529f,0f,0f,0f,0f,1f],start_interpolation: 0,interpolation_duration: 1}
$data merge entity $(bone_right_arm) {transformation: [-0.9819f,0.1895f,-0.0031f,-0.3125f,0.1808f,0.9315f,-0.3155f,1.375f,-0.0569f,-0.3104f,-0.9489f,0f,0f,0f,0f,1f],start_interpolation: 0,interpolation_duration: 1}
$data merge entity $(bone_left_arm) {transformation: [-0.9669f,-0.2471f,0.0633f,0.3125f,-0.2545f,0.9171f,-0.3068f,1.375f,0.0178f,-0.3128f,-0.9497f,0f,0f,0f,0f,1f],start_interpolation: 0,interpolation_duration: 1}