# This file was generated by Animated Java via MC-Build. It is not recommended to edit this file directly.
$data merge entity $(bone_head) {transformation: [-0.9839f,0.0011f,0.1787f,0f,0.0459f,0.968f,0.2466f,1.5f,-0.1727f,0.2508f,-0.9525f,0f,0f,0f,0f,1f],start_interpolation: 0,interpolation_duration: 1}
$data merge entity $(bone_right_arm) {transformation: [-0.9826f,0.1859f,-0.0023f,-0.3125f,0.1774f,0.9333f,-0.3122f,1.375f,-0.0559f,-0.3072f,-0.95f,0f,0f,0f,0f,1f],start_interpolation: 0,interpolation_duration: 1}
$data merge entity $(bone_left_arm) {transformation: [-0.9667f,-0.247f,0.0666f,0.3125f,-0.2555f,0.9181f,-0.3031f,1.375f,0.0137f,-0.3101f,-0.9506f,0f,0f,0f,0f,1f],start_interpolation: 0,interpolation_duration: 1}