# This file was generated by Animated Java via MC-Build. It is not recommended to edit this file directly.
$data merge entity $(bone_head) {transformation: [-0.9841f,0.0008f,0.1774f,0f,0.0456f,0.9675f,0.2487f,1.5f,-0.1714f,0.2529f,-0.9522f,0f,0f,0f,0f,1f],start_interpolation: 0,interpolation_duration: 1}
$data merge entity $(bone_right_arm) {transformation: [-0.9832f,0.1828f,-0.0017f,-0.3125f,0.1743f,0.9349f,-0.3092f,1.375f,-0.0549f,-0.3043f,-0.951f,0f,0f,0f,0f,1f],start_interpolation: 0,interpolation_duration: 1}
$data merge entity $(bone_left_arm) {transformation: [-0.9665f,-0.247f,0.0695f,0.3125f,-0.2563f,0.9189f,-0.2999f,1.375f,0.0102f,-0.3077f,-0.9514f,0f,0f,0f,0f,1f],start_interpolation: 0,interpolation_duration: 1}