# This file was generated by Animated Java via MC-Build. It is not recommended to edit this file directly.
$data merge entity $(bone_head) {transformation: [-0.9843f,0.0006f,0.1763f,0f,0.0454f,0.967f,0.2506f,1.5f,-0.1703f,0.2547f,-0.9519f,0f,0f,0f,0f,1f],start_interpolation: 0,interpolation_duration: 1}
$data merge entity $(bone_right_arm) {transformation: [-0.9837f,0.18f,-0.0012f,-0.3125f,0.1717f,0.9362f,-0.3067f,1.375f,-0.0541f,-0.3019f,-0.9518f,0f,0f,0f,0f,1f],start_interpolation: 0,interpolation_duration: 1}
$data merge entity $(bone_left_arm) {transformation: [-0.9664f,-0.2469f,0.072f,0.3125f,-0.2571f,0.9196f,-0.2971f,1.375f,0.0071f,-0.3056f,-0.9521f,0f,0f,0f,0f,1f],start_interpolation: 0,interpolation_duration: 1}