# This file was generated by Animated Java via MC-Build. It is not recommended to edit this file directly.
$data merge entity $(bone_head) {transformation: [-0.9845f,0.0004f,0.1753f,0f,0.0453f,0.9666f,0.2521f,1.5f,-0.1694f,0.2561f,-0.9517f,0f,0f,0f,0f,1f],start_interpolation: 0,interpolation_duration: 1}
$data merge entity $(bone_right_arm) {transformation: [-0.9841f,0.1778f,-0.0007f,-0.3125f,0.1695f,0.9373f,-0.3045f,1.375f,-0.0534f,-0.2998f,-0.9525f,0f,0f,0f,0f,1f],start_interpolation: 0,interpolation_duration: 1}
$data merge entity $(bone_left_arm) {transformation: [-0.9662f,-0.2469f,0.0741f,0.3125f,-0.2577f,0.9202f,-0.2947f,1.375f,0.0046f,-0.3038f,-0.9527f,0f,0f,0f,0f,1f],start_interpolation: 0,interpolation_duration: 1}