# This file was generated by Animated Java via MC-Build. It is not recommended to edit this file directly.
$data merge entity $(bone_head) {transformation: [-0.9846f,0.0002f,0.1746f,0f,0.0451f,0.9663f,0.2533f,1.5f,-0.1687f,0.2573f,-0.9515f,0f,0f,0f,0f,1f],start_interpolation: 0,interpolation_duration: 1}
$data merge entity $(bone_right_arm) {transformation: [-0.9844f,0.176f,-0.0004f,-0.3125f,0.1678f,0.9381f,-0.3029f,1.375f,-0.0529f,-0.2982f,-0.953f,0f,0f,0f,0f,1f],start_interpolation: 0,interpolation_duration: 1}
$data merge entity $(bone_left_arm) {transformation: [-0.9661f,-0.2469f,0.0757f,0.3125f,-0.2582f,0.9206f,-0.2929f,1.375f,0.0026f,-0.3025f,-0.9532f,0f,0f,0f,0f,1f],start_interpolation: 0,interpolation_duration: 1}