# This file was generated by Animated Java via MC-Build. It is not recommended to edit this file directly.
$data merge entity $(bone_head) {transformation: [-0.9847f,0.0001f,0.1741f,0f,0.045f,0.9661f,0.2542f,1.5f,-0.1682f,0.2581f,-0.9514f,0f,0f,0f,0f,1f],start_interpolation: 0,interpolation_duration: 1}
$data merge entity $(bone_right_arm) {transformation: [-0.9846f,0.1747f,-0.0002f,-0.3125f,0.1666f,0.9387f,-0.3017f,1.375f,-0.0525f,-0.2971f,-0.9534f,0f,0f,0f,0f,1f],start_interpolation: 0,interpolation_duration: 1}
$data merge entity $(bone_left_arm) {transformation: [-0.966f,-0.2468f,0.0769f,0.3125f,-0.2585f,0.921f,-0.2915f,1.375f,0.0012f,-0.3015f,-0.9535f,0f,0f,0f,0f,1f],start_interpolation: 0,interpolation_duration: 1}