# This file was generated by Animated Java via MC-Build. It is not recommended to edit this file directly.
$data merge entity $(bone_head) {transformation: [-0.9942f,-0.0057f,-0.1077f,0f,-0.0295f,0.975f,0.2201f,1.5f,0.1037f,0.222f,-0.9695f,0f,0f,0f,0f,1f],start_interpolation: 0,interpolation_duration: 1}
$data merge entity $(bone_right_arm) {transformation: [-0.9645f,0.2629f,-0.0244f,-0.3125f,0.2519f,0.8883f,-0.384f,1.375f,-0.0793f,-0.3766f,-0.923f,0f,0f,0f,0f,1f],start_interpolation: 0,interpolation_duration: 1}
$data merge entity $(bone_left_arm) {transformation: [-0.9677f,-0.2522f,0.0067f,0.3125f,-0.2368f,0.8989f,-0.3687f,1.375f,0.087f,-0.3584f,-0.9295f,0f,0f,0f,0f,1f],start_interpolation: 0,interpolation_duration: 1}