# This file was generated by Animated Java via MC-Build. It is not recommended to edit this file directly.
$data merge entity $(bone_head) {transformation: [-0.9918f,-0.0071f,-0.1279f,0f,-0.0348f,0.9758f,0.216f,1.5f,0.1233f,0.2187f,-0.968f,0f,0f,0f,0f,1f],start_interpolation: 0,interpolation_duration: 1}
$data merge entity $(bone_right_arm) {transformation: [-0.963f,0.2681f,-0.0264f,-0.3125f,0.2569f,0.8847f,-0.3889f,1.375f,-0.0809f,-0.3813f,-0.9209f,0f,0f,0f,0f,1f],start_interpolation: 0,interpolation_duration: 1}
$data merge entity $(bone_left_arm) {transformation: [-0.9675f,-0.2529f,0.0019f,0.3125f,-0.2353f,0.8972f,-0.3738f,1.375f,0.0929f,-0.3621f,-0.9275f,0f,0f,0f,0f,1f],start_interpolation: 0,interpolation_duration: 1}