# This file was generated by Animated Java via MC-Build. It is not recommended to edit this file directly.
$data merge entity $(bone_head) {transformation: [-0.989f,-0.0085f,-0.1478f,0f,-0.04f,0.9765f,0.2118f,1.5f,0.1426f,0.2153f,-0.9661f,0f,0f,0f,0f,1f],start_interpolation: 0,interpolation_duration: 1}
$data merge entity $(bone_right_arm) {transformation: [-0.9616f,0.2729f,-0.0283f,-0.3125f,0.2617f,0.8813f,-0.3934f,1.375f,-0.0824f,-0.3857f,-0.9189f,0f,0f,0f,0f,1f],start_interpolation: 0,interpolation_duration: 1}
$data merge entity $(bone_left_arm) {transformation: [-0.9673f,-0.2537f,-0.0028f,0.3125f,-0.2337f,0.8955f,-0.3788f,1.375f,0.0986f,-0.3658f,-0.9255f,0f,0f,0f,0f,1f],start_interpolation: 0,interpolation_duration: 1}