# This file was generated by Animated Java via MC-Build. It is not recommended to edit this file directly.
$data merge entity $(bone_head) {transformation: [-0.9859f,-0.01f,-0.1673f,0f,-0.0451f,0.9772f,0.2074f,1.5f,0.1614f,0.212f,-0.9639f,0f,0f,0f,0f,1f],start_interpolation: 0,interpolation_duration: 1}
$data merge entity $(bone_right_arm) {transformation: [-0.9603f,0.2775f,-0.0302f,-0.3125f,0.2662f,0.8781f,-0.3976f,1.375f,-0.0838f,-0.3898f,-0.9171f,0f,0f,0f,0f,1f],start_interpolation: 0,interpolation_duration: 1}
$data merge entity $(bone_left_arm) {transformation: [-0.9671f,-0.2544f,-0.0073f,0.3125f,-0.2322f,0.8938f,-0.3836f,1.375f,0.1041f,-0.3692f,-0.9235f,0f,0f,0f,0f,1f],start_interpolation: 0,interpolation_duration: 1}