# This file was generated by Animated Java via MC-Build. It is not recommended to edit this file directly.
$data merge entity $(bone_head) {transformation: [-0.9824f,-0.0116f,-0.1862f,0f,-0.05f,0.9779f,0.2029f,1.5f,0.1798f,0.2086f,-0.9613f,0f,0f,0f,0f,1f],start_interpolation: 0,interpolation_duration: 1}
$data merge entity $(bone_right_arm) {transformation: [-0.959f,0.2816f,-0.0319f,-0.3125f,0.2703f,0.8751f,-0.4015f,1.375f,-0.0852f,-0.3937f,-0.9153f,0f,0f,0f,0f,1f],start_interpolation: 0,interpolation_duration: 1}
$data merge entity $(bone_left_arm) {transformation: [-0.9668f,-0.2552f,-0.0117f,0.3125f,-0.2308f,0.8922f,-0.3881f,1.375f,0.1094f,-0.3726f,-0.9215f,0f,0f,0f,0f,1f],start_interpolation: 0,interpolation_duration: 1}