# This file was generated by Animated Java via MC-Build. It is not recommended to edit this file directly.
$data merge entity $(bone_head) {transformation: [-0.9788f,-0.0133f,-0.2045f,0f,-0.0547f,0.9786f,0.1984f,1.5f,0.1975f,0.2053f,-0.9586f,0f,0f,0f,0f,1f],start_interpolation: 0,interpolation_duration: 1}
$data merge entity $(bone_right_arm) {transformation: [-0.9578f,0.2854f,-0.0335f,-0.3125f,0.2741f,0.8723f,-0.405f,1.375f,-0.0863f,-0.3971f,-0.9137f,0f,0f,0f,0f,1f],start_interpolation: 0,interpolation_duration: 1}
$data merge entity $(bone_left_arm) {transformation: [-0.9666f,-0.256f,-0.0158f,0.3125f,-0.2295f,0.8907f,-0.3924f,1.375f,0.1145f,-0.3757f,-0.9196f,0f,0f,0f,0f,1f],start_interpolation: 0,interpolation_duration: 1}