# This file was generated by Animated Java via MC-Build. It is not recommended to edit this file directly.
$data merge entity $(bone_head) {transformation: [-0.975f,-0.015f,-0.2219f,0f,-0.0592f,0.9792f,0.1939f,1.5f,0.2144f,0.2021f,-0.9556f,0f,0f,0f,0f,1f],start_interpolation: 0,interpolation_duration: 1}
$data merge entity $(bone_right_arm) {transformation: [-0.9568f,0.2887f,-0.035f,-0.3125f,0.2773f,0.8698f,-0.4081f,1.375f,-0.0874f,-0.4001f,-0.9123f,0f,0f,0f,0f,1f],start_interpolation: 0,interpolation_duration: 1}
$data merge entity $(bone_left_arm) {transformation: [-0.9663f,-0.2567f,-0.0196f,0.3125f,-0.2282f,0.8892f,-0.3965f,1.375f,0.1192f,-0.3786f,-0.9178f,0f,0f,0f,0f,1f],start_interpolation: 0,interpolation_duration: 1}