# This file was generated by Animated Java via MC-Build. It is not recommended to edit this file directly.
$data merge entity $(bone_head) {transformation: [-0.971f,-0.0167f,-0.2384f,0f,-0.0634f,0.9799f,0.1894f,1.5f,0.2305f,0.199f,-0.9525f,0f,0f,0f,0f,1f],start_interpolation: 0,interpolation_duration: 1}
$data merge entity $(bone_right_arm) {transformation: [-0.9559f,0.2915f,-0.0362f,-0.3125f,0.2802f,0.8677f,-0.4107f,1.375f,-0.0883f,-0.4027f,-0.911f,0f,0f,0f,0f,1f],start_interpolation: 0,interpolation_duration: 1}
$data merge entity $(bone_left_arm) {transformation: [-0.966f,-0.2574f,-0.0232f,0.3125f,-0.227f,0.8879f,-0.4002f,1.375f,0.1236f,-0.3813f,-0.9161f,0f,0f,0f,0f,1f],start_interpolation: 0,interpolation_duration: 1}