# This file was generated by Animated Java via MC-Build. It is not recommended to edit this file directly.
$data merge entity $(bone_head) {transformation: [-0.967f,-0.0184f,-0.254f,0f,-0.0673f,0.9804f,0.1851f,1.5f,0.2456f,0.1961f,-0.9493f,0f,0f,0f,0f,1f],start_interpolation: 0,interpolation_duration: 1}
$data merge entity $(bone_right_arm) {transformation: [-0.9551f,0.2939f,-0.0373f,-0.3125f,0.2825f,0.8658f,-0.4129f,1.375f,-0.0891f,-0.4049f,-0.91f,0f,0f,0f,0f,1f],start_interpolation: 0,interpolation_duration: 1}
$data merge entity $(bone_left_arm) {transformation: [-0.9658f,-0.2581f,-0.0264f,0.3125f,-0.2259f,0.8866f,-0.4036f,1.375f,0.1276f,-0.3838f,-0.9146f,0f,0f,0f,0f,1f],start_interpolation: 0,interpolation_duration: 1}