# This file was generated by Animated Java via MC-Build. It is not recommended to edit this file directly.
$data merge entity $(bone_head) {transformation: [-0.986f,0.0001f,0.1665f,0f,0.0431f,0.9661f,0.2545f,1.5f,-0.1608f,0.2581f,-0.9526f,0f,0f,0f,0f,1f],start_interpolation: 0,interpolation_duration: 1}
$data merge entity $(bone_right_arm) {transformation: [-0.9843f,0.1763f,-0.0005f,-0.3125f,0.1681f,0.938f,-0.3031f,1.375f,-0.053f,-0.2985f,-0.9529f,0f,0f,0f,0f,1f],start_interpolation: 0,interpolation_duration: 1}
$data merge entity $(bone_left_arm) {transformation: [-0.9661f,-0.2469f,0.0759f,0.3125f,-0.2583f,0.9207f,-0.2926f,1.375f,0.0023f,-0.3023f,-0.9532f,0f,0f,0f,0f,1f],start_interpolation: 0,interpolation_duration: 1}