# This file was generated by Animated Java via MC-Build. It is not recommended to edit this file directly.
$data merge entity $(bone_head) {transformation: [-0.9631f,-0.0201f,-0.2684f,0f,-0.0709f,0.9809f,0.1809f,1.5f,0.2597f,0.1933f,-0.9462f,0f,0f,0f,0f,1f],start_interpolation: 0,interpolation_duration: 1}
$data merge entity $(bone_right_arm) {transformation: [-0.9545f,0.2957f,-0.0381f,-0.3125f,0.2844f,0.8644f,-0.4146f,1.375f,-0.0897f,-0.4066f,-0.9092f,0f,0f,0f,0f,1f],start_interpolation: 0,interpolation_duration: 1}
$data merge entity $(bone_left_arm) {transformation: [-0.9655f,-0.2587f,-0.0293f,0.3125f,-0.2249f,0.8855f,-0.4066f,1.375f,0.1312f,-0.386f,-0.9131f,0f,0f,0f,0f,1f],start_interpolation: 0,interpolation_duration: 1}