# This file was generated by Animated Java via MC-Build. It is not recommended to edit this file directly.
$data merge entity $(bone_head) {transformation: [-0.9592f,-0.0217f,-0.2818f,0f,-0.0742f,0.9814f,0.177f,1.5f,0.2727f,0.1907f,-0.943f,0f,0f,0f,0f,1f],start_interpolation: 0,interpolation_duration: 1}
$data merge entity $(bone_right_arm) {transformation: [-0.9541f,0.2971f,-0.0388f,-0.3125f,0.2857f,0.8634f,-0.4159f,1.375f,-0.0901f,-0.4078f,-0.9086f,0f,0f,0f,0f,1f],start_interpolation: 0,interpolation_duration: 1}
$data merge entity $(bone_left_arm) {transformation: [-0.9653f,-0.2593f,-0.0319f,0.3125f,-0.2241f,0.8845f,-0.4093f,1.375f,0.1343f,-0.3879f,-0.9119f,0f,0f,0f,0f,1f],start_interpolation: 0,interpolation_duration: 1}