# This file was generated by Animated Java via MC-Build. It is not recommended to edit this file directly.
$data merge entity $(bone_head) {transformation: [-0.9556f,-0.0233f,-0.2938f,0f,-0.0772f,0.9818f,0.1733f,1.5f,0.2845f,0.1883f,-0.94f,0f,0f,0f,0f,1f],start_interpolation: 0,interpolation_duration: 1}
$data merge entity $(bone_right_arm) {transformation: [-0.9538f,0.2979f,-0.0391f,-0.3125f,0.2865f,0.8628f,-0.4166f,1.375f,-0.0903f,-0.4086f,-0.9082f,0f,0f,0f,0f,1f],start_interpolation: 0,interpolation_duration: 1}
$data merge entity $(bone_left_arm) {transformation: [-0.9651f,-0.2598f,-0.0341f,0.3125f,-0.2233f,0.8836f,-0.4116f,1.375f,0.1371f,-0.3896f,-0.9107f,0f,0f,0f,0f,1f],start_interpolation: 0,interpolation_duration: 1}