# This file was generated by Animated Java via MC-Build. It is not recommended to edit this file directly.
$data merge entity $(bone_head) {transformation: [-0.9522f,-0.0247f,-0.3046f,0f,-0.0798f,0.9822f,0.1699f,1.5f,0.295f,0.1861f,-0.9372f,0f,0f,0f,0f,1f],start_interpolation: 0,interpolation_duration: 1}
$data merge entity $(bone_right_arm) {transformation: [-0.9537f,0.2981f,-0.0392f,-0.3125f,0.2868f,0.8625f,-0.4169f,1.375f,-0.0904f,-0.4088f,-0.9081f,0f,0f,0f,0f,1f],start_interpolation: 0,interpolation_duration: 1}
$data merge entity $(bone_left_arm) {transformation: [-0.9649f,-0.2602f,-0.036f,0.3125f,-0.2227f,0.8829f,-0.4135f,1.375f,0.1393f,-0.3909f,-0.9098f,0f,0f,0f,0f,1f],start_interpolation: 0,interpolation_duration: 1}