# This file was generated by Animated Java via MC-Build. It is not recommended to edit this file directly.
$data merge entity $(bone_head) {transformation: [-0.949f,-0.026f,-0.3141f,0f,-0.0821f,0.9825f,0.1669f,1.5f,0.3043f,0.1842f,-0.9346f,0f,0f,0f,0f,1f],start_interpolation: 0,interpolation_duration: 1}
$data merge entity $(bone_right_arm) {transformation: [-0.9538f,0.2979f,-0.0391f,-0.3125f,0.2865f,0.8627f,-0.4166f,1.375f,-0.0903f,-0.4086f,-0.9082f,0f,0f,0f,0f,1f],start_interpolation: 0,interpolation_duration: 1}
$data merge entity $(bone_left_arm) {transformation: [-0.9647f,-0.2605f,-0.0374f,0.3125f,-0.2222f,0.8823f,-0.4149f,1.375f,0.1411f,-0.392f,-0.9091f,0f,0f,0f,0f,1f],start_interpolation: 0,interpolation_duration: 1}