# This file was generated by Animated Java via MC-Build. It is not recommended to edit this file directly.
$data merge entity $(bone_head) {transformation: [-0.9463f,-0.0271f,-0.3221f,0f,-0.0841f,0.9828f,0.1643f,1.5f,0.3122f,0.1826f,-0.9323f,0f,0f,0f,0f,1f],start_interpolation: 0,interpolation_duration: 1}
$data merge entity $(bone_right_arm) {transformation: [-0.954f,0.2972f,-0.0388f,-0.3125f,0.2858f,0.8633f,-0.416f,1.375f,-0.0901f,-0.4079f,-0.9085f,0f,0f,0f,0f,1f],start_interpolation: 0,interpolation_duration: 1}
$data merge entity $(bone_left_arm) {transformation: [-0.9646f,-0.2608f,-0.0384f,0.3125f,-0.2219f,0.8819f,-0.416f,1.375f,0.1424f,-0.3928f,-0.9086f,0f,0f,0f,0f,1f],start_interpolation: 0,interpolation_duration: 1}