# This file was generated by Animated Java via MC-Build. It is not recommended to edit this file directly.
$data merge entity $(bone_head) {transformation: [-0.944f,-0.0281f,-0.3288f,0f,-0.0857f,0.983f,0.1621f,1.5f,0.3187f,0.1812f,-0.9304f,0f,0f,0f,0f,1f],start_interpolation: 0,interpolation_duration: 1}
$data merge entity $(bone_right_arm) {transformation: [-0.9544f,0.296f,-0.0383f,-0.3125f,0.2846f,0.8642f,-0.4149f,1.375f,-0.0897f,-0.4068f,-0.9091f,0f,0f,0f,0f,1f],start_interpolation: 0,interpolation_duration: 1}
$data merge entity $(bone_left_arm) {transformation: [-0.9646f,-0.2609f,-0.039f,0.3125f,-0.2216f,0.8816f,-0.4166f,1.375f,0.1431f,-0.3932f,-0.9082f,0f,0f,0f,0f,1f],start_interpolation: 0,interpolation_duration: 1}