# This file was generated by Animated Java via MC-Build. It is not recommended to edit this file directly.
$data merge entity $(bone_head) {transformation: [-0.9421f,-0.0288f,-0.334f,0f,-0.0869f,0.9832f,0.1604f,1.5f,0.3238f,0.1801f,-0.9288f,0f,0f,0f,0f,1f],start_interpolation: 0,interpolation_duration: 1}
$data merge entity $(bone_right_arm) {transformation: [-0.955f,0.2943f,-0.0375f,-0.3125f,0.283f,0.8655f,-0.4133f,1.375f,-0.0892f,-0.4053f,-0.9098f,0f,0f,0f,0f,1f],start_interpolation: 0,interpolation_duration: 1}
$data merge entity $(bone_left_arm) {transformation: [-0.9645f,-0.261f,-0.0392f,0.3125f,-0.2216f,0.8816f,-0.4169f,1.375f,0.1434f,-0.3934f,-0.9081f,0f,0f,0f,0f,1f],start_interpolation: 0,interpolation_duration: 1}