# This file was generated by Animated Java via MC-Build. It is not recommended to edit this file directly.
$data merge entity $(bone_head) {transformation: [-0.9408f,-0.0294f,-0.3377f,0f,-0.0878f,0.9833f,0.1591f,1.5f,0.3274f,0.1793f,-0.9277f,0f,0f,0f,0f,1f],start_interpolation: 0,interpolation_duration: 1}
$data merge entity $(bone_right_arm) {transformation: [-0.9556f,0.2922f,-0.0365f,-0.3125f,0.2809f,0.8671f,-0.4114f,1.375f,-0.0885f,-0.4034f,-0.9107f,0f,0f,0f,0f,1f],start_interpolation: 0,interpolation_duration: 1}
$data merge entity $(bone_left_arm) {transformation: [-0.9646f,-0.2609f,-0.039f,0.3125f,-0.2217f,0.8817f,-0.4166f,1.375f,0.1431f,-0.3932f,-0.9083f,0f,0f,0f,0f,1f],start_interpolation: 0,interpolation_duration: 1}