# This file was generated by Animated Java via MC-Build. It is not recommended to edit this file directly.
$data merge entity $(bone_head) {transformation: [-0.94f,-0.0297f,-0.34f,0f,-0.0883f,0.9834f,0.1584f,1.5f,0.3296f,0.1789f,-0.927f,0f,0f,0f,0f,1f],start_interpolation: 0,interpolation_duration: 1}
$data merge entity $(bone_right_arm) {transformation: [-0.9565f,0.2897f,-0.0354f,-0.3125f,0.2784f,0.869f,-0.409f,1.375f,-0.0877f,-0.4011f,-0.9118f,0f,0f,0f,0f,1f],start_interpolation: 0,interpolation_duration: 1}
$data merge entity $(bone_left_arm) {transformation: [-0.9647f,-0.2607f,-0.0382f,0.3125f,-0.2219f,0.882f,-0.4158f,1.375f,0.1421f,-0.3926f,-0.9087f,0f,0f,0f,0f,1f],start_interpolation: 0,interpolation_duration: 1}