# This file was generated by Animated Java via MC-Build. It is not recommended to edit this file directly.
$data merge entity $(bone_head) {transformation: [-0.987f,0.0002f,0.161f,0f,0.0417f,0.9663f,0.2542f,1.5f,-0.1555f,0.2576f,-0.9537f,0f,0f,0f,0f,1f],start_interpolation: 0,interpolation_duration: 1}
$data merge entity $(bone_right_arm) {transformation: [-0.984f,0.1783f,-0.0008f,-0.3125f,0.17f,0.937f,-0.305f,1.375f,-0.0536f,-0.3003f,-0.9523f,0f,0f,0f,0f,1f],start_interpolation: 0,interpolation_duration: 1}
$data merge entity $(bone_left_arm) {transformation: [-0.9662f,-0.2469f,0.0745f,0.3125f,-0.2578f,0.9203f,-0.2943f,1.375f,0.0041f,-0.3035f,-0.9528f,0f,0f,0f,0f,1f],start_interpolation: 0,interpolation_duration: 1}