# This file was generated by Animated Java via MC-Build. It is not recommended to edit this file directly.
$data merge entity $(bone_head) {transformation: [-0.9397f,-0.0298f,-0.3407f,0f,-0.0885f,0.9834f,0.1581f,1.5f,0.3304f,0.1787f,-0.9268f,0f,0f,0f,0f,1f],start_interpolation: 0,interpolation_duration: 1}
$data merge entity $(bone_right_arm) {transformation: [-0.9574f,0.2868f,-0.0341f,-0.3125f,0.2754f,0.8713f,-0.4063f,1.375f,-0.0868f,-0.3983f,-0.9131f,0f,0f,0f,0f,1f],start_interpolation: 0,interpolation_duration: 1}
$data merge entity $(bone_left_arm) {transformation: [-0.9648f,-0.2604f,-0.0369f,0.3125f,-0.2224f,0.8825f,-0.4144f,1.375f,0.1405f,-0.3916f,-0.9093f,0f,0f,0f,0f,1f],start_interpolation: 0,interpolation_duration: 1}