# This file was generated by Animated Java via MC-Build. It is not recommended to edit this file directly.
$data merge entity $(bone_head) {transformation: [-0.94f,-0.0297f,-0.3398f,0f,-0.0883f,0.9834f,0.1583f,1.5f,0.3294f,0.1788f,-0.9271f,0f,0f,0f,0f,1f],start_interpolation: 0,interpolation_duration: 1}
$data merge entity $(bone_right_arm) {transformation: [-0.9584f,0.2834f,-0.0327f,-0.3125f,0.2721f,0.8738f,-0.4031f,1.375f,-0.0857f,-0.3953f,-0.9146f,0f,0f,0f,0f,1f],start_interpolation: 0,interpolation_duration: 1}
$data merge entity $(bone_left_arm) {transformation: [-0.965f,-0.26f,-0.0351f,0.3125f,-0.223f,0.8832f,-0.4126f,1.375f,0.1383f,-0.3903f,-0.9102f,0f,0f,0f,0f,1f],start_interpolation: 0,interpolation_duration: 1}