# This file was generated by Animated Java via MC-Build. It is not recommended to edit this file directly.
$data merge entity $(bone_head) {transformation: [-0.9411f,-0.0295f,-0.3369f,0f,-0.0876f,0.9834f,0.1588f,1.5f,0.3266f,0.179f,-0.928f,0f,0f,0f,0f,1f],start_interpolation: 0,interpolation_duration: 1}
$data merge entity $(bone_right_arm) {transformation: [-0.9596f,0.2797f,-0.0311f,-0.3125f,0.2684f,0.8765f,-0.3997f,1.375f,-0.0845f,-0.3918f,-0.9161f,0f,0f,0f,0f,1f],start_interpolation: 0,interpolation_duration: 1}
$data merge entity $(bone_left_arm) {transformation: [-0.9652f,-0.2595f,-0.0328f,0.3125f,-0.2238f,0.8841f,-0.4102f,1.375f,0.1355f,-0.3886f,-0.9114f,0f,0f,0f,0f,1f],start_interpolation: 0,interpolation_duration: 1}