# This file was generated by Animated Java via MC-Build. It is not recommended to edit this file directly.
$data merge entity $(bone_head) {transformation: [-0.9428f,-0.029f,-0.3321f,0f,-0.0865f,0.9834f,0.1597f,1.5f,0.322f,0.1793f,-0.9296f,0f,0f,0f,0f,1f],start_interpolation: 0,interpolation_duration: 1}
$data merge entity $(bone_right_arm) {transformation: [-0.9608f,0.2756f,-0.0294f,-0.3125f,0.2643f,0.8794f,-0.3958f,1.375f,-0.0832f,-0.3881f,-0.9178f,0f,0f,0f,0f,1f],start_interpolation: 0,interpolation_duration: 1}
$data merge entity $(bone_left_arm) {transformation: [-0.9654f,-0.2589f,-0.0301f,0.3125f,-0.2247f,0.8852f,-0.4074f,1.375f,0.1321f,-0.3865f,-0.9128f,0f,0f,0f,0f,1f],start_interpolation: 0,interpolation_duration: 1}