# This file was generated by Animated Java via MC-Build. It is not recommended to edit this file directly.
$data merge entity $(bone_head) {transformation: [-0.9451f,-0.0284f,-0.3255f,0f,-0.085f,0.9833f,0.1609f,1.5f,0.3155f,0.1798f,-0.9317f,0f,0f,0f,0f,1f],start_interpolation: 0,interpolation_duration: 1}
$data merge entity $(bone_right_arm) {transformation: [-0.9621f,0.2712f,-0.0276f,-0.3125f,0.26f,0.8826f,-0.3917f,1.375f,-0.0819f,-0.3841f,-0.9197f,0f,0f,0f,0f,1f],start_interpolation: 0,interpolation_duration: 1}
$data merge entity $(bone_left_arm) {transformation: [-0.9657f,-0.2582f,-0.0269f,0.3125f,-0.2258f,0.8864f,-0.404f,1.375f,0.1281f,-0.3841f,-0.9143f,0f,0f,0f,0f,1f],start_interpolation: 0,interpolation_duration: 1}