# This file was generated by Animated Java via MC-Build. It is not recommended to edit this file directly.
$data merge entity $(bone_head) {transformation: [-0.948f,-0.0276f,-0.3171f,0f,-0.083f,0.9832f,0.1625f,1.5f,0.3072f,0.1803f,-0.9344f,0f,0f,0f,0f,1f],start_interpolation: 0,interpolation_duration: 1}
$data merge entity $(bone_right_arm) {transformation: [-0.9635f,0.2665f,-0.0258f,-0.3125f,0.2554f,0.8859f,-0.3874f,1.375f,-0.0804f,-0.3798f,-0.9216f,0f,0f,0f,0f,1f],start_interpolation: 0,interpolation_duration: 1}
$data merge entity $(bone_left_arm) {transformation: [-0.966f,-0.2574f,-0.0233f,0.3125f,-0.227f,0.8878f,-0.4003f,1.375f,0.1237f,-0.3814f,-0.9161f,0f,0f,0f,0f,1f],start_interpolation: 0,interpolation_duration: 1}