# This file was generated by Animated Java via MC-Build. It is not recommended to edit this file directly.
$data merge entity $(bone_head) {transformation: [-0.9514f,-0.0267f,-0.3068f,0f,-0.0806f,0.9831f,0.1642f,1.5f,0.2972f,0.181f,-0.9375f,0f,0f,0f,0f,1f],start_interpolation: 0,interpolation_duration: 1}
$data merge entity $(bone_right_arm) {transformation: [-0.9649f,0.2615f,-0.0239f,-0.3125f,0.2505f,0.8892f,-0.3828f,1.375f,-0.0788f,-0.3753f,-0.9235f,0f,0f,0f,0f,1f],start_interpolation: 0,interpolation_duration: 1}
$data merge entity $(bone_left_arm) {transformation: [-0.9663f,-0.2566f,-0.0193f,0.3125f,-0.2283f,0.8894f,-0.3961f,1.375f,0.1188f,-0.3784f,-0.918f,0f,0f,0f,0f,1f],start_interpolation: 0,interpolation_duration: 1}