# This file was generated by Animated Java via MC-Build. It is not recommended to edit this file directly.
$data merge entity $(bone_head) {transformation: [-0.9552f,-0.0257f,-0.2948f,0f,-0.0777f,0.983f,0.1663f,1.5f,0.2855f,0.1817f,-0.941f,0f,0f,0f,0f,1f],start_interpolation: 0,interpolation_duration: 1}
$data merge entity $(bone_right_arm) {transformation: [-0.9663f,0.2564f,-0.022f,-0.3125f,0.2455f,0.8927f,-0.3779f,1.375f,-0.0772f,-0.3706f,-0.9256f,0f,0f,0f,0f,1f],start_interpolation: 0,interpolation_duration: 1}
$data merge entity $(bone_left_arm) {transformation: [-0.9666f,-0.2558f,-0.0149f,0.3125f,-0.2298f,0.891f,-0.3915f,1.375f,0.1134f,-0.375f,-0.92f,0f,0f,0f,0f,1f],start_interpolation: 0,interpolation_duration: 1}