# This file was generated by Animated Java via MC-Build. It is not recommended to edit this file directly.
$data merge entity $(bone_head) {transformation: [-0.9594f,-0.0245f,-0.2811f,0f,-0.0745f,0.9829f,0.1685f,1.5f,0.2722f,0.1825f,-0.9448f,0f,0f,0f,0f,1f],start_interpolation: 0,interpolation_duration: 1}
$data merge entity $(bone_right_arm) {transformation: [-0.9678f,0.251f,-0.0201f,-0.3125f,0.2402f,0.8962f,-0.373f,1.375f,-0.0756f,-0.3658f,-0.9276f,0f,0f,0f,0f,1f],start_interpolation: 0,interpolation_duration: 1}
$data merge entity $(bone_left_arm) {transformation: [-0.9669f,-0.2549f,-0.0102f,0.3125f,-0.2313f,0.8928f,-0.3866f,1.375f,0.1077f,-0.3715f,-0.9222f,0f,0f,0f,0f,1f],start_interpolation: 0,interpolation_duration: 1}