# This file was generated by Animated Java via MC-Build. It is not recommended to edit this file directly.
$data merge entity $(bone_head) {transformation: [-0.9637f,-0.0232f,-0.2659f,0f,-0.0708f,0.9828f,0.1708f,1.5f,0.2574f,0.1834f,-0.9488f,0f,0f,0f,0f,1f],start_interpolation: 0,interpolation_duration: 1}
$data merge entity $(bone_right_arm) {transformation: [-0.9692f,0.2456f,-0.0183f,-0.3125f,0.2349f,0.8997f,-0.3679f,1.375f,-0.0739f,-0.3608f,-0.9297f,0f,0f,0f,0f,1f],start_interpolation: 0,interpolation_duration: 1}
$data merge entity $(bone_left_arm) {transformation: [-0.9672f,-0.2541f,-0.0053f,0.3125f,-0.2329f,0.8946f,-0.3814f,1.375f,0.1017f,-0.3677f,-0.9244f,0f,0f,0f,0f,1f],start_interpolation: 0,interpolation_duration: 1}