# This file was generated by Animated Java via MC-Build. It is not recommended to edit this file directly.
$data merge entity $(bone_head) {transformation: [-0.9881f,0.0003f,0.154f,0f,0.0398f,0.9664f,0.2538f,1.5f,-0.1487f,0.2569f,-0.9549f,0f,0f,0f,0f,1f],start_interpolation: 0,interpolation_duration: 1}
$data merge entity $(bone_right_arm) {transformation: [-0.9835f,0.1808f,-0.0013f,-0.3125f,0.1725f,0.9358f,-0.3074f,1.375f,-0.0543f,-0.3026f,-0.9516f,0f,0f,0f,0f,1f],start_interpolation: 0,interpolation_duration: 1}
$data merge entity $(bone_left_arm) {transformation: [-0.9663f,-0.2469f,0.0726f,0.3125f,-0.2573f,0.9198f,-0.2964f,1.375f,0.0064f,-0.3051f,-0.9523f,0f,0f,0f,0f,1f],start_interpolation: 0,interpolation_duration: 1}