# This file was generated by Animated Java via MC-Build. It is not recommended to edit this file directly.
$data merge entity $(bone_head) {transformation: [-0.9682f,-0.0218f,-0.2491f,0f,-0.0667f,0.9826f,0.1732f,1.5f,0.241f,0.1843f,-0.9529f,0f,0f,0f,0f,1f],start_interpolation: 0,interpolation_duration: 1}
$data merge entity $(bone_right_arm) {transformation: [-0.9706f,0.24f,-0.0165f,-0.3125f,0.2295f,0.9032f,-0.3627f,1.375f,-0.0722f,-0.3558f,-0.9318f,0f,0f,0f,0f,1f],start_interpolation: 0,interpolation_duration: 1}
$data merge entity $(bone_left_arm) {transformation: [-0.9674f,-0.2532f,-0.0001f,0.3125f,-0.2346f,0.8964f,-0.376f,1.375f,0.0953f,-0.3637f,-0.9266f,0f,0f,0f,0f,1f],start_interpolation: 0,interpolation_duration: 1}