# This file was generated by Animated Java via MC-Build. It is not recommended to edit this file directly.
$data merge entity $(bone_head) {transformation: [-0.9727f,-0.0203f,-0.231f,0f,-0.0622f,0.9825f,0.1756f,1.5f,0.2234f,0.1852f,-0.957f,0f,0f,0f,0f,1f],start_interpolation: 0,interpolation_duration: 1}
$data merge entity $(bone_right_arm) {transformation: [-0.972f,0.2344f,-0.0147f,-0.3125f,0.224f,0.9067f,-0.3575f,1.375f,-0.0705f,-0.3507f,-0.9338f,0f,0f,0f,0f,1f],start_interpolation: 0,interpolation_duration: 1}
$data merge entity $(bone_left_arm) {transformation: [-0.9676f,-0.2524f,0.0052f,0.3125f,-0.2363f,0.8983f,-0.3703f,1.375f,0.0888f,-0.3595f,-0.9289f,0f,0f,0f,0f,1f],start_interpolation: 0,interpolation_duration: 1}