# This file was generated by Animated Java via MC-Build. It is not recommended to edit this file directly.
$data merge entity $(bone_head) {transformation: [-0.9772f,-0.0187f,-0.2116f,0f,-0.0574f,0.9824f,0.178f,1.5f,0.2045f,0.1861f,-0.961f,0f,0f,0f,0f,1f],start_interpolation: 0,interpolation_duration: 1}
$data merge entity $(bone_right_arm) {transformation: [-0.9734f,0.2288f,-0.013f,-0.3125f,0.2186f,0.91f,-0.3522f,1.375f,-0.0688f,-0.3457f,-0.9358f,0f,0f,0f,0f,1f],start_interpolation: 0,interpolation_duration: 1}
$data merge entity $(bone_left_arm) {transformation: [-0.9678f,-0.2516f,0.0107f,0.3125f,-0.2381f,0.9003f,-0.3644f,1.375f,0.0821f,-0.3552f,-0.9312f,0f,0f,0f,0f,1f],start_interpolation: 0,interpolation_duration: 1}