# This file was generated by Animated Java via MC-Build. It is not recommended to edit this file directly.
$data merge entity $(bone_head) {transformation: [-0.9814f,-0.0171f,-0.191f,0f,-0.0522f,0.9822f,0.1803f,1.5f,0.1845f,0.1869f,-0.9649f,0f,0f,0f,0f,1f],start_interpolation: 0,interpolation_duration: 1}
$data merge entity $(bone_right_arm) {transformation: [-0.9747f,0.2233f,-0.0114f,-0.3125f,0.2132f,0.9133f,-0.347f,1.375f,-0.0671f,-0.3407f,-0.9378f,0f,0f,0f,0f,1f],start_interpolation: 0,interpolation_duration: 1}
$data merge entity $(bone_left_arm) {transformation: [-0.9679f,-0.2509f,0.0162f,0.3125f,-0.2399f,0.9022f,-0.3585f,1.375f,0.0753f,-0.3509f,-0.9334f,0f,0f,0f,0f,1f],start_interpolation: 0,interpolation_duration: 1}