# This file was generated by Animated Java via MC-Build. It is not recommended to edit this file directly.
$data merge entity $(bone_head) {transformation: [-0.989f,-0.0137f,-0.1471f,0f,-0.041f,0.982f,0.1845f,1.5f,0.1419f,0.1885f,-0.9718f,0f,0f,0f,0f,1f],start_interpolation: 0,interpolation_duration: 1}
$data merge entity $(bone_right_arm) {transformation: [-0.9771f,0.2125f,-0.0085f,-0.3125f,0.2029f,0.9194f,-0.337f,1.375f,-0.0638f,-0.331f,-0.9415f,0f,0f,0f,0f,1f],start_interpolation: 0,interpolation_duration: 1}
$data merge entity $(bone_left_arm) {transformation: [-0.968f,-0.2496f,0.0274f,0.3125f,-0.2434f,0.9059f,-0.3464f,1.375f,0.0617f,-0.342f,-0.9377f,0f,0f,0f,0f,1f],start_interpolation: 0,interpolation_duration: 1}