# This file was generated by Animated Java via MC-Build. It is not recommended to edit this file directly.
$data merge entity $(bone_head) {transformation: [-0.9949f,-0.0102f,-0.1004f,0f,-0.029f,0.9818f,0.1879f,1.5f,0.0966f,0.1898f,-0.9771f,0f,0f,0f,0f,1f],start_interpolation: 0,interpolation_duration: 1}
$data merge entity $(bone_right_arm) {transformation: [-0.9793f,0.2025f,-0.006f,-0.3125f,0.1932f,0.9248f,-0.3276f,1.375f,-0.0608f,-0.322f,-0.9448f,0f,0f,0f,0f,1f],start_interpolation: 0,interpolation_duration: 1}
$data merge entity $(bone_left_arm) {transformation: [-0.9679f,-0.2486f,0.0382f,0.3125f,-0.2468f,0.9095f,-0.3346f,1.375f,0.0484f,-0.3333f,-0.9416f,0f,0f,0f,0f,1f],start_interpolation: 0,interpolation_duration: 1}