# This file was generated by Animated Java via MC-Build. It is not recommended to edit this file directly.
$data merge entity $(bone_head) {transformation: [-0.997f,-0.0085f,-0.0765f,0f,-0.0228f,0.9817f,0.1891f,1.5f,0.0735f,0.1903f,-0.979f,0f,0f,0f,0f,1f],start_interpolation: 0,interpolation_duration: 1}
$data merge entity $(bone_right_arm) {transformation: [-0.9802f,0.1978f,-0.0049f,-0.3125f,0.1888f,0.9273f,-0.3233f,1.375f,-0.0594f,-0.3178f,-0.9463f,0f,0f,0f,0f,1f],start_interpolation: 0,interpolation_duration: 1}
$data merge entity $(bone_left_arm) {transformation: [-0.9677f,-0.2482f,0.0434f,0.3125f,-0.2484f,0.9111f,-0.3289f,1.375f,0.042f,-0.3291f,-0.9434f,0f,0f,0f,0f,1f],start_interpolation: 0,interpolation_duration: 1}