# This file was generated by Animated Java via MC-Build. It is not recommended to edit this file directly.
$data merge entity $(bone_head) {transformation: [-0.9986f,-0.0067f,-0.0524f,0f,-0.0166f,0.9816f,0.1901f,1.5f,0.0502f,0.1907f,-0.9804f,0f,0f,0f,0f,1f],start_interpolation: 0,interpolation_duration: 1}
$data merge entity $(bone_right_arm) {transformation: [-0.9811f,0.1935f,-0.0039f,-0.3125f,0.1846f,0.9295f,-0.3193f,1.375f,-0.0581f,-0.3139f,-0.9477f,0f,0f,0f,0f,1f],start_interpolation: 0,interpolation_duration: 1}
$data merge entity $(bone_left_arm) {transformation: [-0.9676f,-0.2478f,0.0484f,0.3125f,-0.25f,0.9126f,-0.3234f,1.375f,0.036f,-0.325f,-0.945f,0f,0f,0f,0f,1f],start_interpolation: 0,interpolation_duration: 1}