# This file was generated by Animated Java via MC-Build. It is not recommended to edit this file directly.
$data merge entity $(bone_head) {transformation: [-0.9894f,0.0004f,0.1455f,0f,0.0376f,0.9667f,0.2532f,1.5f,-0.1405f,0.256f,-0.9564f,0f,0f,0f,0f,1f],start_interpolation: 0,interpolation_duration: 1}
$data merge entity $(bone_right_arm) {transformation: [-0.9829f,0.1839f,-0.0019f,-0.3125f,0.1754f,0.9343f,-0.3103f,1.375f,-0.0553f,-0.3053f,-0.9507f,0f,0f,0f,0f,1f],start_interpolation: 0,interpolation_duration: 1}
$data merge entity $(bone_left_arm) {transformation: [-0.9665f,-0.2469f,0.0704f,0.3125f,-0.2566f,0.9191f,-0.2989f,1.375f,0.0091f,-0.3069f,-0.9517f,0f,0f,0f,0f,1f],start_interpolation: 0,interpolation_duration: 1}