# This file was generated by Animated Java via MC-Build. It is not recommended to edit this file directly.
$data merge entity $(bone_head) {transformation: [-0.9996f,-0.005f,-0.0284f,0f,-0.0103f,0.9816f,0.1908f,1.5f,0.027f,0.191f,-0.9812f,0f,0f,0f,0f,1f],start_interpolation: 0,interpolation_duration: 1}
$data merge entity $(bone_right_arm) {transformation: [-0.9819f,0.1895f,-0.0031f,-0.3125f,0.1808f,0.9315f,-0.3155f,1.375f,-0.0569f,-0.3104f,-0.9489f,0f,0f,0f,0f,1f],start_interpolation: 0,interpolation_duration: 1}
$data merge entity $(bone_left_arm) {transformation: [-0.9674f,-0.2476f,0.0531f,0.3125f,-0.2514f,0.9141f,-0.3182f,1.375f,0.0302f,-0.3212f,-0.9465f,0f,0f,0f,0f,1f],start_interpolation: 0,interpolation_duration: 1}