# This file was generated by Animated Java via MC-Build. It is not recommended to edit this file directly.
$data merge entity $(bone_head) {transformation: [-1f,-0.0033f,-0.0047f,0f,-0.0041f,0.9815f,0.1912f,1.5f,0.004f,0.1912f,-0.9815f,0f,0f,0f,0f,1f],start_interpolation: 0,interpolation_duration: 1}
$data merge entity $(bone_right_arm) {transformation: [-0.9826f,0.1859f,-0.0023f,-0.3125f,0.1774f,0.9333f,-0.3122f,1.375f,-0.0559f,-0.3072f,-0.95f,0f,0f,0f,0f,1f],start_interpolation: 0,interpolation_duration: 1}
$data merge entity $(bone_left_arm) {transformation: [-0.9672f,-0.2473f,0.0575f,0.3125f,-0.2527f,0.9154f,-0.3133f,1.375f,0.0248f,-0.3176f,-0.9479f,0f,0f,0f,0f,1f],start_interpolation: 0,interpolation_duration: 1}