# This file was generated by Animated Java via MC-Build. It is not recommended to edit this file directly.
$data merge entity $(bone_head) {transformation: [-0.9998f,-0.0016f,0.0186f,0f,0.002f,0.9815f,0.1913f,1.5f,-0.0186f,0.1913f,-0.9813f,0f,0f,0f,0f,1f],start_interpolation: 0,interpolation_duration: 1}
$data merge entity $(bone_right_arm) {transformation: [-0.9832f,0.1828f,-0.0017f,-0.3125f,0.1743f,0.9349f,-0.3092f,1.375f,-0.0549f,-0.3043f,-0.951f,0f,0f,0f,0f,1f],start_interpolation: 0,interpolation_duration: 1}
$data merge entity $(bone_left_arm) {transformation: [-0.967f,-0.2472f,0.0616f,0.3125f,-0.254f,0.9166f,-0.3088f,1.375f,0.0199f,-0.3142f,-0.9491f,0f,0f,0f,0f,1f],start_interpolation: 0,interpolation_duration: 1}