# This file was generated by Animated Java via MC-Build. It is not recommended to edit this file directly.
$data merge entity $(bone_head) {transformation: [-0.9991f,0f,0.0413f,0f,0.0079f,0.9815f,0.1912f,1.5f,-0.0406f,0.1913f,-0.9807f,0f,0f,0f,0f,1f],start_interpolation: 0,interpolation_duration: 1}
$data merge entity $(bone_right_arm) {transformation: [-0.9837f,0.18f,-0.0012f,-0.3125f,0.1717f,0.9362f,-0.3067f,1.375f,-0.0541f,-0.3019f,-0.9518f,0f,0f,0f,0f,1f],start_interpolation: 0,interpolation_duration: 1}
$data merge entity $(bone_left_arm) {transformation: [-0.9668f,-0.2471f,0.0653f,0.3125f,-0.2551f,0.9177f,-0.3047f,1.375f,0.0154f,-0.3112f,-0.9502f,0f,0f,0f,0f,1f],start_interpolation: 0,interpolation_duration: 1}