# This file was generated by Animated Java via MC-Build. It is not recommended to edit this file directly.
$data merge entity $(bone_head) {transformation: [-0.9964f,0.003f,0.0842f,0f,0.0191f,0.9816f,0.1902f,1.5f,-0.0821f,0.1911f,-0.9781f,0f,0f,0f,0f,1f],start_interpolation: 0,interpolation_duration: 1}
$data merge entity $(bone_right_arm) {transformation: [-0.9844f,0.176f,-0.0004f,-0.3125f,0.1678f,0.9381f,-0.3029f,1.375f,-0.0529f,-0.2982f,-0.953f,0f,0f,0f,0f,1f],start_interpolation: 0,interpolation_duration: 1}
$data merge entity $(bone_left_arm) {transformation: [-0.9664f,-0.2469f,0.0713f,0.3125f,-0.2569f,0.9194f,-0.2979f,1.375f,0.008f,-0.3062f,-0.9519f,0f,0f,0f,0f,1f],start_interpolation: 0,interpolation_duration: 1}