# This file was generated by Animated Java via MC-Build. It is not recommended to edit this file directly.
$data merge entity $(bone_head) {transformation: [-0.9946f,0.0045f,0.1041f,0f,0.0242f,0.9816f,0.1894f,1.5f,-0.1014f,0.1909f,-0.9764f,0f,0f,0f,0f,1f],start_interpolation: 0,interpolation_duration: 1}
$data merge entity $(bone_right_arm) {transformation: [-0.9846f,0.1747f,-0.0002f,-0.3125f,0.1666f,0.9387f,-0.3017f,1.375f,-0.0525f,-0.2971f,-0.9534f,0f,0f,0f,0f,1f],start_interpolation: 0,interpolation_duration: 1}
$data merge entity $(bone_left_arm) {transformation: [-0.9662f,-0.2469f,0.0736f,0.3125f,-0.2576f,0.9201f,-0.2952f,1.375f,0.0052f,-0.3042f,-0.9526f,0f,0f,0f,0f,1f],start_interpolation: 0,interpolation_duration: 1}