# This file was generated by Animated Java via MC-Build. It is not recommended to edit this file directly.
$data merge entity $(bone_head) {transformation: [-0.9924f,0.0058f,0.1227f,0f,0.029f,0.9817f,0.1884f,1.5f,-0.1194f,0.1906f,-0.9744f,0f,0f,0f,0f,1f],start_interpolation: 0,interpolation_duration: 1}
$data merge entity $(bone_right_arm) {transformation: [-0.9848f,0.1739f,0f,-0.3125f,0.1659f,0.9391f,-0.3009f,1.375f,-0.0523f,-0.2964f,-0.9536f,0f,0f,0f,0f,1f],start_interpolation: 0,interpolation_duration: 1}
$data merge entity $(bone_left_arm) {transformation: [-0.9661f,-0.2469f,0.0754f,0.3125f,-0.2581f,0.9206f,-0.2932f,1.375f,0.0029f,-0.3027f,-0.9531f,0f,0f,0f,0f,1f],start_interpolation: 0,interpolation_duration: 1}