# This file was generated by Animated Java via MC-Build. It is not recommended to edit this file directly.
$data merge entity $(bone_head) {transformation: [-0.9901f,0.0071f,0.14f,0f,0.0335f,0.9817f,0.1874f,1.5f,-0.1361f,0.1902f,-0.9723f,0f,0f,0f,0f,1f],start_interpolation: 0,interpolation_duration: 1}
$data merge entity $(bone_right_arm) {transformation: [-0.9848f,0.1736f,0f,-0.3125f,0.1656f,0.9392f,-0.3007f,1.375f,-0.0522f,-0.2961f,-0.9537f,0f,0f,0f,0f,1f],start_interpolation: 0,interpolation_duration: 1}
$data merge entity $(bone_left_arm) {transformation: [-0.966f,-0.2468f,0.0768f,0.3125f,-0.2585f,0.9209f,-0.2917f,1.375f,0.0013f,-0.3016f,-0.9534f,0f,0f,0f,0f,1f],start_interpolation: 0,interpolation_duration: 1}