# This file was generated by Animated Java via MC-Build. It is not recommended to edit this file directly.
$data merge entity $(bone_head) {transformation: [-0.9878f,0.0082f,0.1557f,0f,0.0375f,0.9818f,0.1863f,1.5f,-0.1513f,0.1899f,-0.9701f,0f,0f,0f,0f,1f],start_interpolation: 0,interpolation_duration: 1}
$data merge entity $(bone_right_arm) {transformation: [-0.9848f,0.1739f,0f,-0.3125f,0.1658f,0.9391f,-0.3009f,1.375f,-0.0523f,-0.2963f,-0.9536f,0f,0f,0f,0f,1f],start_interpolation: 0,interpolation_duration: 1}
$data merge entity $(bone_left_arm) {transformation: [-0.9659f,-0.2468f,0.0776f,0.3125f,-0.2587f,0.9211f,-0.2908f,1.375f,0.0003f,-0.3009f,-0.9536f,0f,0f,0f,0f,1f],start_interpolation: 0,interpolation_duration: 1}