# This file was generated by Animated Java via MC-Build. It is not recommended to edit this file directly.
$data merge entity $(bone_head) {transformation: [-0.9908f,0.0005f,0.1355f,0f,0.035f,0.9669f,0.2526f,1.5f,-0.1309f,0.255f,-0.958f,0f,0f,0f,0f,1f],start_interpolation: 0,interpolation_duration: 1}
$data merge entity $(bone_right_arm) {transformation: [-0.9823f,0.1874f,-0.0026f,-0.3125f,0.1788f,0.9326f,-0.3136f,1.375f,-0.0563f,-0.3085f,-0.9496f,0f,0f,0f,0f,1f],start_interpolation: 0,interpolation_duration: 1}
$data merge entity $(bone_left_arm) {transformation: [-0.9666f,-0.247f,0.0677f,0.3125f,-0.2558f,0.9184f,-0.3019f,1.375f,0.0123f,-0.3091f,-0.9509f,0f,0f,0f,0f,1f],start_interpolation: 0,interpolation_duration: 1}