# This file was generated by Animated Java via MC-Build. It is not recommended to edit this file directly.
$data merge entity $(bone_head) {transformation: [-0.9854f,0.0092f,0.1698f,0f,0.0411f,0.9818f,0.1853f,1.5f,-0.165f,0.1896f,-0.9679f,0f,0f,0f,0f,1f],start_interpolation: 0,interpolation_duration: 1}
$data merge entity $(bone_right_arm) {transformation: [-0.9846f,0.1746f,-0.0002f,-0.3125f,0.1665f,0.9388f,-0.3016f,1.375f,-0.0525f,-0.297f,-0.9534f,0f,0f,0f,0f,1f],start_interpolation: 0,interpolation_duration: 1}
$data merge entity $(bone_left_arm) {transformation: [-0.9659f,-0.2468f,0.0778f,0.3125f,-0.2588f,0.9212f,-0.2905f,1.375f,0f,-0.3007f,-0.9537f,0f,0f,0f,0f,1f],start_interpolation: 0,interpolation_duration: 1}