# This file was generated by Animated Java via MC-Build. It is not recommended to edit this file directly.
$data merge entity $(bone_head) {transformation: [-0.9832f,0.0101f,0.1823f,0f,0.0443f,0.9819f,0.1843f,1.5f,-0.1771f,0.1892f,-0.9658f,0f,0f,0f,0f,1f],start_interpolation: 0,interpolation_duration: 1}
$data merge entity $(bone_right_arm) {transformation: [-0.9844f,0.1757f,-0.0004f,-0.3125f,0.1676f,0.9383f,-0.3027f,1.375f,-0.0528f,-0.298f,-0.9531f,0f,0f,0f,0f,1f],start_interpolation: 0,interpolation_duration: 1}
$data merge entity $(bone_left_arm) {transformation: [-0.9659f,-0.2468f,0.0776f,0.3125f,-0.2588f,0.9212f,-0.2907f,1.375f,0.0002f,-0.3009f,-0.9537f,0f,0f,0f,0f,1f],start_interpolation: 0,interpolation_duration: 1}