# This file was generated by Animated Java via MC-Build. It is not recommended to edit this file directly.
$data merge entity $(bone_head) {transformation: [-0.9812f,0.0109f,0.1929f,0f,0.047f,0.9819f,0.1833f,1.5f,-0.1874f,0.1889f,-0.9639f,0f,0f,0f,0f,1f],start_interpolation: 0,interpolation_duration: 1}
$data merge entity $(bone_right_arm) {transformation: [-0.9842f,0.1773f,-0.0007f,-0.3125f,0.1691f,0.9375f,-0.3041f,1.375f,-0.0533f,-0.2994f,-0.9526f,0f,0f,0f,0f,1f],start_interpolation: 0,interpolation_duration: 1}
$data merge entity $(bone_left_arm) {transformation: [-0.966f,-0.2468f,0.0771f,0.3125f,-0.2586f,0.921f,-0.2913f,1.375f,0.0009f,-0.3013f,-0.9535f,0f,0f,0f,0f,1f],start_interpolation: 0,interpolation_duration: 1}