# This file was generated by Animated Java via MC-Build. It is not recommended to edit this file directly.
$data merge entity $(bone_head) {transformation: [-0.9794f,0.0116f,0.2017f,0f,0.0492f,0.982f,0.1825f,1.5f,-0.196f,0.1887f,-0.9623f,0f,0f,0f,0f,1f],start_interpolation: 0,interpolation_duration: 1}
$data merge entity $(bone_right_arm) {transformation: [-0.9838f,0.1794f,-0.001f,-0.3125f,0.1711f,0.9365f,-0.3061f,1.375f,-0.0539f,-0.3013f,-0.952f,0f,0f,0f,0f,1f],start_interpolation: 0,interpolation_duration: 1}
$data merge entity $(bone_left_arm) {transformation: [-0.9661f,-0.2469f,0.0762f,0.3125f,-0.2583f,0.9208f,-0.2923f,1.375f,0.002f,-0.3021f,-0.9533f,0f,0f,0f,0f,1f],start_interpolation: 0,interpolation_duration: 1}