# This file was generated by Animated Java via MC-Build. It is not recommended to edit this file directly.
$data merge entity $(bone_head) {transformation: [-0.9779f,0.0121f,0.2086f,0f,0.0509f,0.982f,0.1818f,1.5f,-0.2026f,0.1884f,-0.961f,0f,0f,0f,0f,1f],start_interpolation: 0,interpolation_duration: 1}
$data merge entity $(bone_right_arm) {transformation: [-0.9833f,0.1818f,-0.0015f,-0.3125f,0.1734f,0.9353f,-0.3083f,1.375f,-0.0546f,-0.3035f,-0.9513f,0f,0f,0f,0f,1f],start_interpolation: 0,interpolation_duration: 1}
$data merge entity $(bone_left_arm) {transformation: [-0.9661f,-0.2469f,0.075f,0.3125f,-0.258f,0.9204f,-0.2937f,1.375f,0.0035f,-0.3031f,-0.9529f,0f,0f,0f,0f,1f],start_interpolation: 0,interpolation_duration: 1}