# This file was generated by Animated Java via MC-Build. It is not recommended to edit this file directly.
$data merge entity $(bone_head) {transformation: [-0.9769f,0.0125f,0.2136f,0f,0.0522f,0.982f,0.1813f,1.5f,-0.2075f,0.1883f,-0.96f,0f,0f,0f,0f,1f],start_interpolation: 0,interpolation_duration: 1}
$data merge entity $(bone_right_arm) {transformation: [-0.9828f,0.1847f,-0.0021f,-0.3125f,0.1762f,0.9339f,-0.311f,1.375f,-0.0555f,-0.306f,-0.9504f,0f,0f,0f,0f,1f],start_interpolation: 0,interpolation_duration: 1}
$data merge entity $(bone_left_arm) {transformation: [-0.9663f,-0.2469f,0.0734f,0.3125f,-0.2575f,0.92f,-0.2955f,1.375f,0.0055f,-0.3045f,-0.9525f,0f,0f,0f,0f,1f],start_interpolation: 0,interpolation_duration: 1}