# This file was generated by Animated Java via MC-Build. It is not recommended to edit this file directly.
$data merge entity $(bone_head) {transformation: [-0.9762f,0.0127f,0.2165f,0f,0.0529f,0.9821f,0.181f,1.5f,-0.2104f,0.1882f,-0.9593f,0f,0f,0f,0f,1f],start_interpolation: 0,interpolation_duration: 1}
$data merge entity $(bone_right_arm) {transformation: [-0.9822f,0.1879f,-0.0027f,-0.3125f,0.1793f,0.9323f,-0.314f,1.375f,-0.0565f,-0.3089f,-0.9494f,0f,0f,0f,0f,1f],start_interpolation: 0,interpolation_duration: 1}
$data merge entity $(bone_left_arm) {transformation: [-0.9664f,-0.2469f,0.0714f,0.3125f,-0.2569f,0.9194f,-0.2977f,1.375f,0.0078f,-0.3061f,-0.952f,0f,0f,0f,0f,1f],start_interpolation: 0,interpolation_duration: 1}