# This file was generated by Animated Java via MC-Build. It is not recommended to edit this file directly.
$data merge entity $(bone_head) {transformation: [-0.976f,0.0128f,0.2175f,0f,0.0532f,0.9821f,0.1809f,1.5f,-0.2113f,0.1881f,-0.9591f,0f,0f,0f,0f,1f],start_interpolation: 0,interpolation_duration: 1}
$data merge entity $(bone_right_arm) {transformation: [-0.9815f,0.1915f,-0.0035f,-0.3125f,0.1827f,0.9305f,-0.3174f,1.375f,-0.0575f,-0.3122f,-0.9483f,0f,0f,0f,0f,1f],start_interpolation: 0,interpolation_duration: 1}
$data merge entity $(bone_left_arm) {transformation: [-0.9666f,-0.247f,0.0692f,0.3125f,-0.2562f,0.9188f,-0.3003f,1.375f,0.0106f,-0.3079f,-0.9513f,0f,0f,0f,0f,1f],start_interpolation: 0,interpolation_duration: 1}