# This file was generated by Animated Java via MC-Build. It is not recommended to edit this file directly.
$data merge entity $(bone_head) {transformation: [-0.9762f,0.0127f,0.2165f,0f,0.0529f,0.9821f,0.1809f,1.5f,-0.2103f,0.1881f,-0.9594f,0f,0f,0f,0f,1f],start_interpolation: 0,interpolation_duration: 1}
$data merge entity $(bone_right_arm) {transformation: [-0.9807f,0.1954f,-0.0044f,-0.3125f,0.1865f,0.9285f,-0.3211f,1.375f,-0.0587f,-0.3157f,-0.947f,0f,0f,0f,0f,1f],start_interpolation: 0,interpolation_duration: 1}
$data merge entity $(bone_left_arm) {transformation: [-0.9667f,-0.247f,0.0666f,0.3125f,-0.2555f,0.9181f,-0.3031f,1.375f,0.0137f,-0.3101f,-0.9506f,0f,0f,0f,0f,1f],start_interpolation: 0,interpolation_duration: 1}