# This file was generated by Animated Java via MC-Build. It is not recommended to edit this file directly.
$data merge entity $(bone_head) {transformation: [-0.9769f,0.0127f,0.2133f,0f,0.0523f,0.9821f,0.1811f,1.5f,-0.2072f,0.188f,-0.9601f,0f,0f,0f,0f,1f],start_interpolation: 0,interpolation_duration: 1}
$data merge entity $(bone_right_arm) {transformation: [-0.9798f,0.1997f,-0.0053f,-0.3125f,0.1905f,0.9263f,-0.325f,1.375f,-0.06f,-0.3195f,-0.9457f,0f,0f,0f,0f,1f],start_interpolation: 0,interpolation_duration: 1}
$data merge entity $(bone_left_arm) {transformation: [-0.9669f,-0.2471f,0.0637f,0.3125f,-0.2546f,0.9172f,-0.3064f,1.375f,0.0172f,-0.3124f,-0.9498f,0f,0f,0f,0f,1f],start_interpolation: 0,interpolation_duration: 1}