# This file was generated by Animated Java via MC-Build. It is not recommended to edit this file directly.
$data merge entity $(bone_head) {transformation: [-0.9923f,0.0005f,0.1242f,0f,0.032f,0.9673f,0.2517f,1.5f,-0.12f,0.2538f,-0.9598f,0f,0f,0f,0f,1f],start_interpolation: 0,interpolation_duration: 1}
$data merge entity $(bone_right_arm) {transformation: [-0.9815f,0.1914f,-0.0035f,-0.3125f,0.1826f,0.9306f,-0.3173f,1.375f,-0.0575f,-0.3121f,-0.9483f,0f,0f,0f,0f,1f],start_interpolation: 0,interpolation_duration: 1}
$data merge entity $(bone_left_arm) {transformation: [-0.9668f,-0.2471f,0.0648f,0.3125f,-0.2549f,0.9175f,-0.3052f,1.375f,0.016f,-0.3116f,-0.9501f,0f,0f,0f,0f,1f],start_interpolation: 0,interpolation_duration: 1}