# This file was generated by Animated Java via MC-Build. It is not recommended to edit this file directly.
$data merge entity $(bone_head) {transformation: [-0.978f,0.0125f,0.2081f,0f,0.0511f,0.9821f,0.1813f,1.5f,-0.2021f,0.1879f,-0.9612f,0f,0f,0f,0f,1f],start_interpolation: 0,interpolation_duration: 1}
$data merge entity $(bone_right_arm) {transformation: [-0.9789f,0.2041f,-0.0064f,-0.3125f,0.1948f,0.9239f,-0.3292f,1.375f,-0.0613f,-0.3235f,-0.9442f,0f,0f,0f,0f,1f],start_interpolation: 0,interpolation_duration: 1}
$data merge entity $(bone_left_arm) {transformation: [-0.9671f,-0.2472f,0.0606f,0.3125f,-0.2537f,0.9163f,-0.3099f,1.375f,0.0211f,-0.315f,-0.9488f,0f,0f,0f,0f,1f],start_interpolation: 0,interpolation_duration: 1}