# This file was generated by Animated Java via MC-Build. It is not recommended to edit this file directly.
$data merge entity $(bone_head) {transformation: [-0.9796f,0.0123f,0.2008f,0f,0.0496f,0.9821f,0.1816f,1.5f,-0.1949f,0.1878f,-0.9627f,0f,0f,0f,0f,1f],start_interpolation: 0,interpolation_duration: 1}
$data merge entity $(bone_right_arm) {transformation: [-0.9779f,0.2089f,-0.0075f,-0.3125f,0.1994f,0.9214f,-0.3336f,1.375f,-0.0627f,-0.3277f,-0.9427f,0f,0f,0f,0f,1f],start_interpolation: 0,interpolation_duration: 1}
$data merge entity $(bone_left_arm) {transformation: [-0.9672f,-0.2474f,0.0572f,0.3125f,-0.2526f,0.9153f,-0.3137f,1.375f,0.0252f,-0.3178f,-0.9478f,0f,0f,0f,0f,1f],start_interpolation: 0,interpolation_duration: 1}