# This file was generated by Animated Java via MC-Build. It is not recommended to edit this file directly.
$data merge entity $(bone_head) {transformation: [-0.9814f,0.012f,0.1914f,0f,0.0475f,0.9822f,0.1819f,1.5f,-0.1858f,0.1876f,-0.9645f,0f,0f,0f,0f,1f],start_interpolation: 0,interpolation_duration: 1}
$data merge entity $(bone_right_arm) {transformation: [-0.9768f,0.2138f,-0.0088f,-0.3125f,0.2041f,0.9187f,-0.3382f,1.375f,-0.0642f,-0.3321f,-0.941f,0f,0f,0f,0f,1f],start_interpolation: 0,interpolation_duration: 1}
$data merge entity $(bone_left_arm) {transformation: [-0.9674f,-0.2475f,0.0536f,0.3125f,-0.2515f,0.9142f,-0.3177f,1.375f,0.0297f,-0.3208f,-0.9467f,0f,0f,0f,0f,1f],start_interpolation: 0,interpolation_duration: 1}