# This file was generated by Animated Java via MC-Build. It is not recommended to edit this file directly.
$data merge entity $(bone_head) {transformation: [-0.9836f,0.0117f,0.18f,0f,0.045f,0.9822f,0.1822f,1.5f,-0.1747f,0.1873f,-0.9666f,0f,0f,0f,0f,1f],start_interpolation: 0,interpolation_duration: 1}
$data merge entity $(bone_right_arm) {transformation: [-0.9757f,0.2188f,-0.0102f,-0.3125f,0.209f,0.9158f,-0.3429f,1.375f,-0.0657f,-0.3367f,-0.9393f,0f,0f,0f,0f,1f],start_interpolation: 0,interpolation_duration: 1}
$data merge entity $(bone_left_arm) {transformation: [-0.9675f,-0.2478f,0.0497f,0.3125f,-0.2504f,0.9131f,-0.3219f,1.375f,0.0343f,-0.324f,-0.9454f,0f,0f,0f,0f,1f],start_interpolation: 0,interpolation_duration: 1}