# This file was generated by Animated Java via MC-Build. It is not recommended to edit this file directly.
$data merge entity $(bone_head) {transformation: [-0.986f,0.0113f,0.1666f,0f,0.0421f,0.9823f,0.1825f,1.5f,-0.1616f,0.187f,-0.969f,0f,0f,0f,0f,1f],start_interpolation: 0,interpolation_duration: 1}
$data merge entity $(bone_right_arm) {transformation: [-0.9745f,0.224f,-0.0116f,-0.3125f,0.214f,0.9128f,-0.3477f,1.375f,-0.0673f,-0.3414f,-0.9375f,0f,0f,0f,0f,1f],start_interpolation: 0,interpolation_duration: 1}
$data merge entity $(bone_left_arm) {transformation: [-0.9677f,-0.248f,0.0457f,0.3125f,-0.2491f,0.9118f,-0.3264f,1.375f,0.0393f,-0.3272f,-0.9441f,0f,0f,0f,0f,1f],start_interpolation: 0,interpolation_duration: 1}