# This file was generated by Animated Java via MC-Build. It is not recommended to edit this file directly.
$data merge entity $(bone_head) {transformation: [-0.9884f,0.0108f,0.1513f,0f,0.0387f,0.9824f,0.1828f,1.5f,-0.1466f,0.1865f,-0.9715f,0f,0f,0f,0f,1f],start_interpolation: 0,interpolation_duration: 1}
$data merge entity $(bone_right_arm) {transformation: [-0.9733f,0.2293f,-0.0131f,-0.3125f,0.2191f,0.9098f,-0.3527f,1.375f,-0.0689f,-0.3461f,-0.9357f,0f,0f,0f,0f,1f],start_interpolation: 0,interpolation_duration: 1}
$data merge entity $(bone_left_arm) {transformation: [-0.9678f,-0.2483f,0.0415f,0.3125f,-0.2478f,0.9105f,-0.331f,1.375f,0.0444f,-0.3306f,-0.9427f,0f,0f,0f,0f,1f],start_interpolation: 0,interpolation_duration: 1}