# This file was generated by Animated Java via MC-Build. It is not recommended to edit this file directly.
$data merge entity $(bone_head) {transformation: [-0.9909f,0.0103f,0.134f,0f,0.0349f,0.9825f,0.1829f,1.5f,-0.1298f,0.1859f,-0.9739f,0f,0f,0f,0f,1f],start_interpolation: 0,interpolation_duration: 1}
$data merge entity $(bone_right_arm) {transformation: [-0.972f,0.2346f,-0.0147f,-0.3125f,0.2242f,0.9066f,-0.3576f,1.375f,-0.0705f,-0.3509f,-0.9338f,0f,0f,0f,0f,1f],start_interpolation: 0,interpolation_duration: 1}
$data merge entity $(bone_left_arm) {transformation: [-0.9679f,-0.2487f,0.0372f,0.3125f,-0.2465f,0.9091f,-0.3358f,1.375f,0.0497f,-0.3341f,-0.9412f,0f,0f,0f,0f,1f],start_interpolation: 0,interpolation_duration: 1}