# This file was generated by Animated Java via MC-Build. It is not recommended to edit this file directly.
$data merge entity $(bone_head) {transformation: [-0.9933f,0.0096f,0.115f,0f,0.0307f,0.9826f,0.1829f,1.5f,-0.1112f,0.1853f,-0.9764f,0f,0f,0f,0f,1f],start_interpolation: 0,interpolation_duration: 1}
$data merge entity $(bone_right_arm) {transformation: [-0.9707f,0.2399f,-0.0164f,-0.3125f,0.2293f,0.9033f,-0.3625f,1.375f,-0.0721f,-0.3557f,-0.9318f,0f,0f,0f,0f,1f],start_interpolation: 0,interpolation_duration: 1}
$data merge entity $(bone_left_arm) {transformation: [-0.9679f,-0.2491f,0.0327f,0.3125f,-0.2451f,0.9077f,-0.3406f,1.375f,0.0551f,-0.3377f,-0.9396f,0f,0f,0f,0f,1f],start_interpolation: 0,interpolation_duration: 1}