# This file was generated by Animated Java via MC-Build. It is not recommended to edit this file directly.
$data merge entity $(bone_head) {transformation: [-0.9955f,0.0089f,0.0942f,0f,0.026f,0.9828f,0.1828f,1.5f,-0.091f,0.1844f,-0.9786f,0f,0f,0f,0f,1f],start_interpolation: 0,interpolation_duration: 1}
$data merge entity $(bone_right_arm) {transformation: [-0.9693f,0.2451f,-0.0181f,-0.3125f,0.2345f,0.9f,-0.3674f,1.375f,-0.0738f,-0.3604f,-0.9299f,0f,0f,0f,0f,1f],start_interpolation: 0,interpolation_duration: 1}
$data merge entity $(bone_left_arm) {transformation: [-0.968f,-0.2495f,0.0282f,0.3125f,-0.2437f,0.9062f,-0.3455f,1.375f,0.0607f,-0.3413f,-0.938f,0f,0f,0f,0f,1f],start_interpolation: 0,interpolation_duration: 1}