# This file was generated by Animated Java via MC-Build. It is not recommended to edit this file directly.
$data merge entity $(bone_head) {transformation: [-0.9974f,0.008f,0.0718f,0f,0.021f,0.983f,0.1824f,1.5f,-0.0691f,0.1834f,-0.9806f,0f,0f,0f,0f,1f],start_interpolation: 0,interpolation_duration: 1}
$data merge entity $(bone_right_arm) {transformation: [-0.968f,0.2503f,-0.0199f,-0.3125f,0.2395f,0.8967f,-0.3723f,1.375f,-0.0754f,-0.3651f,-0.9279f,0f,0f,0f,0f,1f],start_interpolation: 0,interpolation_duration: 1}
$data merge entity $(bone_left_arm) {transformation: [-0.968f,-0.25f,0.0236f,0.3125f,-0.2422f,0.9047f,-0.3505f,1.375f,0.0663f,-0.345f,-0.9363f,0f,0f,0f,0f,1f],start_interpolation: 0,interpolation_duration: 1}