# This file was generated by Animated Java via MC-Build. It is not recommended to edit this file directly.
$data merge entity $(bone_head) {transformation: [-0.9938f,0.0006f,0.1116f,0f,0.0287f,0.9676f,0.2507f,1.5f,-0.1078f,0.2524f,-0.9616f,0f,0f,0f,0f,1f],start_interpolation: 0,interpolation_duration: 1}
$data merge entity $(bone_right_arm) {transformation: [-0.9806f,0.1958f,-0.0044f,-0.3125f,0.1868f,0.9283f,-0.3214f,1.375f,-0.0588f,-0.316f,-0.9469f,0f,0f,0f,0f,1f],start_interpolation: 0,interpolation_duration: 1}
$data merge entity $(bone_left_arm) {transformation: [-0.967f,-0.2472f,0.0615f,0.3125f,-0.2539f,0.9166f,-0.3089f,1.375f,0.02f,-0.3143f,-0.9491f,0f,0f,0f,0f,1f],start_interpolation: 0,interpolation_duration: 1}