# This file was generated by Animated Java via MC-Build. It is not recommended to edit this file directly.
$data merge entity $(bone_head) {transformation: [-0.9988f,0.007f,0.0478f,0f,0.0156f,0.9832f,0.1818f,1.5f,-0.0457f,0.1823f,-0.9822f,0f,0f,0f,0f,1f],start_interpolation: 0,interpolation_duration: 1}
$data merge entity $(bone_right_arm) {transformation: [-0.9666f,0.2554f,-0.0217f,-0.3125f,0.2445f,0.8934f,-0.377f,1.375f,-0.0769f,-0.3697f,-0.926f,0f,0f,0f,0f,1f],start_interpolation: 0,interpolation_duration: 1}
$data merge entity $(bone_left_arm) {transformation: [-0.9679f,-0.2505f,0.019f,0.3125f,-0.2408f,0.9031f,-0.3555f,1.375f,0.0719f,-0.3487f,-0.9345f,0f,0f,0f,0f,1f],start_interpolation: 0,interpolation_duration: 1}