# This file was generated by Animated Java via MC-Build. It is not recommended to edit this file directly.
$data merge entity $(bone_head) {transformation: [-0.9997f,0.0059f,0.0223f,0f,0.0099f,0.9835f,0.1808f,1.5f,-0.0209f,0.181f,-0.9833f,0f,0f,0f,0f,1f],start_interpolation: 0,interpolation_duration: 1}
$data merge entity $(bone_right_arm) {transformation: [-0.9652f,0.2603f,-0.0235f,-0.3125f,0.2493f,0.8901f,-0.3816f,1.375f,-0.0785f,-0.3742f,-0.924f,0f,0f,0f,0f,1f],start_interpolation: 0,interpolation_duration: 1}
$data merge entity $(bone_left_arm) {transformation: [-0.9678f,-0.2511f,0.0144f,0.3125f,-0.2393f,0.9016f,-0.3604f,1.375f,0.0775f,-0.3523f,-0.9327f,0f,0f,0f,0f,1f],start_interpolation: 0,interpolation_duration: 1}