# This file was generated by Animated Java via MC-Build. It is not recommended to edit this file directly.
$data merge entity $(bone_head) {transformation: [-1f,0.0047f,-0.0045f,0f,0.0038f,0.9838f,0.1794f,1.5f,0.0053f,0.1794f,-0.9838f,0f,0f,0f,0f,1f],start_interpolation: 0,interpolation_duration: 1}
$data merge entity $(bone_right_arm) {transformation: [-0.9639f,0.265f,-0.0252f,-0.3125f,0.254f,0.8868f,-0.386f,1.375f,-0.0799f,-0.3785f,-0.9221f,0f,0f,0f,0f,1f],start_interpolation: 0,interpolation_duration: 1}
$data merge entity $(bone_left_arm) {transformation: [-0.9677f,-0.2517f,0.0098f,0.3125f,-0.2378f,0.9f,-0.3653f,1.375f,0.0831f,-0.3559f,-0.9308f,0f,0f,0f,0f,1f],start_interpolation: 0,interpolation_duration: 1}