# This file was generated by Animated Java via MC-Build. It is not recommended to edit this file directly.
$data merge entity $(bone_head) {transformation: [-0.9995f,0.0033f,-0.0325f,0f,-0.0025f,0.9841f,0.1777f,1.5f,0.0325f,0.1777f,-0.9835f,0f,0f,0f,0f,1f],start_interpolation: 0,interpolation_duration: 1}
$data merge entity $(bone_right_arm) {transformation: [-0.9626f,0.2696f,-0.027f,-0.3125f,0.2584f,0.8837f,-0.3902f,1.375f,-0.0813f,-0.3826f,-0.9203f,0f,0f,0f,0f,1f],start_interpolation: 0,interpolation_duration: 1}
$data merge entity $(bone_left_arm) {transformation: [-0.9676f,-0.2524f,0.0053f,0.3125f,-0.2364f,0.8984f,-0.3701f,1.375f,0.0886f,-0.3594f,-0.929f,0f,0f,0f,0f,1f],start_interpolation: 0,interpolation_duration: 1}