# This file was generated by Animated Java via MC-Build. It is not recommended to edit this file directly.
$data merge entity $(bone_head) {transformation: [-0.9981f,0.0018f,-0.0615f,0f,-0.0091f,0.9844f,0.1755f,1.5f,0.0608f,0.1758f,-0.9825f,0f,0f,0f,0f,1f],start_interpolation: 0,interpolation_duration: 1}
$data merge entity $(bone_right_arm) {transformation: [-0.9614f,0.2738f,-0.0287f,-0.3125f,0.2626f,0.8807f,-0.3942f,1.375f,-0.0827f,-0.3865f,-0.9186f,0f,0f,0f,0f,1f],start_interpolation: 0,interpolation_duration: 1}
$data merge entity $(bone_left_arm) {transformation: [-0.9674f,-0.2531f,0.0009f,0.3125f,-0.2349f,0.8968f,-0.3748f,1.375f,0.094f,-0.3629f,-0.9271f,0f,0f,0f,0f,1f],start_interpolation: 0,interpolation_duration: 1}