# This file was generated by Animated Java via MC-Build. It is not recommended to edit this file directly.
$data merge entity $(bone_head) {transformation: [-0.9958f,0f,-0.0914f,0f,-0.0158f,0.9848f,0.1729f,1.5f,0.09f,0.1736f,-0.9807f,0f,0f,0f,0f,1f],start_interpolation: 0,interpolation_duration: 1}
$data merge entity $(bone_right_arm) {transformation: [-0.9602f,0.2778f,-0.0303f,-0.3125f,0.2666f,0.8778f,-0.3979f,1.375f,-0.0839f,-0.3902f,-0.9169f,0f,0f,0f,0f,1f],start_interpolation: 0,interpolation_duration: 1}
$data merge entity $(bone_left_arm) {transformation: [-0.9673f,-0.2538f,-0.0034f,0.3125f,-0.2335f,0.8953f,-0.3794f,1.375f,0.0993f,-0.3662f,-0.9252f,0f,0f,0f,0f,1f],start_interpolation: 0,interpolation_duration: 1}