# This file was generated by Animated Java via MC-Build. It is not recommended to edit this file directly.
$data merge entity $(bone_head) {transformation: [-0.9925f,-0.0018f,-0.122f,0f,-0.0227f,0.9852f,0.1698f,1.5f,0.1199f,0.1713f,-0.9779f,0f,0f,0f,0f,1f],start_interpolation: 0,interpolation_duration: 1}
$data merge entity $(bone_right_arm) {transformation: [-0.959f,0.2815f,-0.0319f,-0.3125f,0.2702f,0.8751f,-0.4014f,1.375f,-0.0851f,-0.3936f,-0.9154f,0f,0f,0f,0f,1f],start_interpolation: 0,interpolation_duration: 1}
$data merge entity $(bone_left_arm) {transformation: [-0.9671f,-0.2545f,-0.0076f,0.3125f,-0.2322f,0.8937f,-0.3838f,1.375f,0.1044f,-0.3694f,-0.9234f,0f,0f,0f,0f,1f],start_interpolation: 0,interpolation_duration: 1}