# This file was generated by Animated Java via MC-Build. It is not recommended to edit this file directly.
$data merge entity $(bone_head) {transformation: [-0.9882f,-0.0039f,-0.1532f,0f,-0.0297f,0.9856f,0.1662f,1.5f,0.1504f,0.1688f,-0.9741f,0f,0f,0f,0f,1f],start_interpolation: 0,interpolation_duration: 1}
$data merge entity $(bone_right_arm) {transformation: [-0.958f,0.2849f,-0.0333f,-0.3125f,0.2736f,0.8726f,-0.4045f,1.375f,-0.0862f,-0.3966f,-0.9139f,0f,0f,0f,0f,1f],start_interpolation: 0,interpolation_duration: 1}
$data merge entity $(bone_left_arm) {transformation: [-0.9668f,-0.2552f,-0.0116f,0.3125f,-0.2309f,0.8923f,-0.388f,1.375f,0.1093f,-0.3725f,-0.9216f,0f,0f,0f,0f,1f],start_interpolation: 0,interpolation_duration: 1}