# This file was generated by Animated Java via MC-Build. It is not recommended to edit this file directly.
$data merge entity $(bone_head) {transformation: [-0.9828f,-0.0061f,-0.1848f,0f,-0.0366f,0.9861f,0.1621f,1.5f,0.1812f,0.166f,-0.9693f,0f,0f,0f,0f,1f],start_interpolation: 0,interpolation_duration: 1}
$data merge entity $(bone_right_arm) {transformation: [-0.957f,0.2879f,-0.0346f,-0.3125f,0.2766f,0.8704f,-0.4073f,1.375f,-0.0872f,-0.3994f,-0.9126f,0f,0f,0f,0f,1f],start_interpolation: 0,interpolation_duration: 1}
$data merge entity $(bone_left_arm) {transformation: [-0.9666f,-0.2559f,-0.0154f,0.3125f,-0.2296f,0.8908f,-0.392f,1.375f,0.114f,-0.3754f,-0.9198f,0f,0f,0f,0f,1f],start_interpolation: 0,interpolation_duration: 1}