# This file was generated by Animated Java via MC-Build. It is not recommended to edit this file directly.
$data merge entity $(bone_head) {transformation: [-0.9762f,-0.0086f,-0.2166f,0f,-0.0436f,0.9866f,0.1574f,1.5f,0.2123f,0.1631f,-0.9635f,0f,0f,0f,0f,1f],start_interpolation: 0,interpolation_duration: 1}
$data merge entity $(bone_right_arm) {transformation: [-0.9562f,0.2906f,-0.0358f,-0.3125f,0.2792f,0.8684f,-0.4098f,1.375f,-0.088f,-0.4019f,-0.9115f,0f,0f,0f,0f,1f],start_interpolation: 0,interpolation_duration: 1}
$data merge entity $(bone_left_arm) {transformation: [-0.9663f,-0.2566f,-0.0189f,0.3125f,-0.2284f,0.8895f,-0.3958f,1.375f,0.1184f,-0.3781f,-0.9182f,0f,0f,0f,0f,1f],start_interpolation: 0,interpolation_duration: 1}