# This file was generated by Animated Java via MC-Build. It is not recommended to edit this file directly.
$data merge entity $(bone_head) {transformation: [-0.9663f,-0.0556f,0.2514f,0f,-0.0001f,0.9764f,0.2158f,1.5f,-0.2575f,0.2085f,-0.9435f,0f,0f,0f,0f,1f],start_interpolation: 0,interpolation_duration: 1}
$data merge entity $(bone_right_arm) {transformation: [-0.9914f,0.1285f,-0.0227f,-0.3125f,0.1305f,0.9763f,-0.1724f,1.375f,0f,-0.1739f,-0.9848f,0f,0f,0f,0f,1f],start_interpolation: 0,interpolation_duration: 1}
$data merge entity $(bone_left_arm) {transformation: [-0.9763f,-0.2113f,0.0469f,0.3125f,-0.2164f,0.9531f,-0.2114f,1.375f,0f,-0.2166f,-0.9763f,0f,0f,0f,0f,1f],start_interpolation: 0,interpolation_duration: 1}