# This file was generated by Animated Java via MC-Build. It is not recommended to edit this file directly.
$data merge entity $(bone_head) {transformation: [-0.9909f,-0.0278f,0.1315f,0f,-0.0071f,0.9879f,0.1549f,1.5f,-0.1342f,0.1525f,-0.9791f,0f,0f,0f,0f,1f],start_interpolation: 0,interpolation_duration: 1}
$data merge entity $(bone_right_arm) {transformation: [-0.9915f,0.1271f,-0.0285f,-0.3125f,0.1303f,0.9723f,-0.1939f,1.375f,0.0031f,-0.1959f,-0.9806f,0f,0f,0f,0f,1f],start_interpolation: 0,interpolation_duration: 1}
$data merge entity $(bone_left_arm) {transformation: [-0.9771f,-0.207f,0.0497f,0.3125f,-0.2129f,0.9515f,-0.2222f,1.375f,-0.0013f,-0.2277f,-0.9737f,0f,0f,0f,0f,1f],start_interpolation: 0,interpolation_duration: 1}