# This file was generated by Animated Java via MC-Build. It is not recommended to edit this file directly.
$data merge entity $(bone_head) {transformation: [-0.9988f,0.0197f,0.0456f,0f,0.0319f,0.9577f,0.2859f,1.5f,-0.038f,0.287f,-0.9572f,0f,0f,0f,0f,1f],start_interpolation: 0,interpolation_duration: 1}
$data merge entity $(bone_right_arm) {transformation: [-0.9914f,0.1285f,-0.0227f,-0.3125f,0.1305f,0.9764f,-0.1722f,1.375f,0f,-0.1736f,-0.9848f,0f,0f,0f,0f,1f],start_interpolation: 0,interpolation_duration: 1}
$data merge entity $(bone_left_arm) {transformation: [-0.977f,-0.2076f,0.0494f,0.3125f,-0.2134f,0.9517f,-0.2208f,1.375f,-0.0011f,-0.2262f,-0.9741f,0f,0f,0f,0f,1f],start_interpolation: 0,interpolation_duration: 1}