# This file was generated by Animated Java via MC-Build. It is not recommended to edit this file directly.
$data merge entity $(bone_head) {transformation: [-0.9988f,0.0194f,0.0447f,0f,0.0314f,0.9577f,0.2859f,1.5f,-0.0373f,0.287f,-0.9572f,0f,0f,0f,0f,1f],start_interpolation: 0,interpolation_duration: 1}
$data merge entity $(bone_right_arm) {transformation: [-0.9914f,0.1285f,-0.0227f,-0.3125f,0.1305f,0.9764f,-0.1723f,1.375f,0f,-0.1738f,-0.9848f,0f,0f,0f,0f,1f],start_interpolation: 0,interpolation_duration: 1}
$data merge entity $(bone_left_arm) {transformation: [-0.9768f,-0.2085f,0.0487f,0.3125f,-0.2141f,0.9521f,-0.2184f,1.375f,-0.0009f,-0.2238f,-0.9746f,0f,0f,0f,0f,1f],start_interpolation: 0,interpolation_duration: 1}