# This file was generated by Animated Java via MC-Build. It is not recommended to edit this file directly.
$data merge entity $(bone_head) {transformation: [-0.9989f,0.0189f,0.0432f,0f,0.0305f,0.9577f,0.2861f,1.5f,-0.036f,0.2871f,-0.9572f,0f,0f,0f,0f,1f],start_interpolation: 0,interpolation_duration: 1}
$data merge entity $(bone_right_arm) {transformation: [-0.9914f,0.1285f,-0.0229f,-0.3125f,0.1305f,0.9763f,-0.1729f,1.375f,0.0001f,-0.1744f,-0.9847f,0f,0f,0f,0f,1f],start_interpolation: 0,interpolation_duration: 1}
$data merge entity $(bone_left_arm) {transformation: [-0.9766f,-0.2094f,0.0481f,0.3125f,-0.2149f,0.9524f,-0.216f,1.375f,-0.0006f,-0.2213f,-0.9752f,0f,0f,0f,0f,1f],start_interpolation: 0,interpolation_duration: 1}