# This file was generated by Animated Java via MC-Build. It is not recommended to edit this file directly.
$data merge entity $(bone_head) {transformation: [-0.999f,0.0182f,0.0412f,0f,0.0292f,0.9577f,0.2862f,1.5f,-0.0342f,0.2871f,-0.9573f,0f,0f,0f,0f,1f],start_interpolation: 0,interpolation_duration: 1}
$data merge entity $(bone_right_arm) {transformation: [-0.9914f,0.1284f,-0.0231f,-0.3125f,0.1305f,0.9761f,-0.1738f,1.375f,0.0002f,-0.1753f,-0.9845f,0f,0f,0f,0f,1f],start_interpolation: 0,interpolation_duration: 1}
$data merge entity $(bone_left_arm) {transformation: [-0.9765f,-0.2104f,0.0475f,0.3125f,-0.2157f,0.9528f,-0.2137f,1.375f,-0.0003f,-0.2189f,-0.9757f,0f,0f,0f,0f,1f],start_interpolation: 0,interpolation_duration: 1}