# This file was generated by Animated Java via MC-Build. It is not recommended to edit this file directly.
$data merge entity $(bone_head) {transformation: [-0.9991f,0.0173f,0.0386f,0f,0.0277f,0.9577f,0.2864f,1.5f,-0.032f,0.2872f,-0.9573f,0f,0f,0f,0f,1f],start_interpolation: 0,interpolation_duration: 1}
$data merge entity $(bone_right_arm) {transformation: [-0.9914f,0.1284f,-0.0235f,-0.3125f,0.1305f,0.9759f,-0.1751f,1.375f,0.0004f,-0.1767f,-0.9843f,0f,0f,0f,0f,1f],start_interpolation: 0,interpolation_duration: 1}
$data merge entity $(bone_left_arm) {transformation: [-0.9763f,-0.2113f,0.0468f,0.3125f,-0.2164f,0.9532f,-0.2113f,1.375f,0f,-0.2164f,-0.9763f,0f,0f,0f,0f,1f],start_interpolation: 0,interpolation_duration: 1}