# This file was generated by Animated Java via MC-Build. It is not recommended to edit this file directly.
$data merge entity $(bone_head) {transformation: [-0.9992f,0.0163f,0.0355f,0f,0.0258f,0.9577f,0.2867f,1.5f,-0.0293f,0.2874f,-0.9574f,0f,0f,0f,0f,1f],start_interpolation: 0,interpolation_duration: 1}
$data merge entity $(bone_right_arm) {transformation: [-0.9915f,0.1283f,-0.0239f,-0.3125f,0.1305f,0.9756f,-0.1767f,1.375f,0.0006f,-0.1783f,-0.984f,0f,0f,0f,0f,1f],start_interpolation: 0,interpolation_duration: 1}
$data merge entity $(bone_left_arm) {transformation: [-0.9763f,-0.2113f,0.0469f,0.3125f,-0.2164f,0.9531f,-0.2115f,1.375f,0f,-0.2166f,-0.9763f,0f,0f,0f,0f,1f],start_interpolation: 0,interpolation_duration: 1}