# This file was generated by Animated Java via MC-Build. It is not recommended to edit this file directly.
$data merge entity $(bone_head) {transformation: [-0.9994f,0.0151f,0.0319f,0f,0.0236f,0.9577f,0.2869f,1.5f,-0.0262f,0.2875f,-0.9574f,0f,0f,0f,0f,1f],start_interpolation: 0,interpolation_duration: 1}
$data merge entity $(bone_right_arm) {transformation: [-0.9915f,0.1281f,-0.0244f,-0.3125f,0.1304f,0.9752f,-0.1787f,1.375f,0.0009f,-0.1804f,-0.9836f,0f,0f,0f,0f,1f],start_interpolation: 0,interpolation_duration: 1}
$data merge entity $(bone_left_arm) {transformation: [-0.9763f,-0.2111f,0.047f,0.3125f,-0.2163f,0.9531f,-0.2119f,1.375f,-0.0001f,-0.217f,-0.9762f,0f,0f,0f,0f,1f],start_interpolation: 0,interpolation_duration: 1}