# This file was generated by Animated Java via MC-Build. It is not recommended to edit this file directly.
$data merge entity $(bone_head) {transformation: [-0.9995f,0.0137f,0.0278f,0f,0.0211f,0.9576f,0.2872f,1.5f,-0.0227f,0.2877f,-0.9575f,0f,0f,0f,0f,1f],start_interpolation: 0,interpolation_duration: 1}
$data merge entity $(bone_right_arm) {transformation: [-0.9915f,0.128f,-0.0251f,-0.3125f,0.1304f,0.9748f,-0.1811f,1.375f,0.0012f,-0.1828f,-0.9832f,0f,0f,0f,0f,1f],start_interpolation: 0,interpolation_duration: 1}
$data merge entity $(bone_left_arm) {transformation: [-0.9764f,-0.2108f,0.0472f,0.3125f,-0.216f,0.953f,-0.2126f,1.375f,-0.0002f,-0.2178f,-0.976f,0f,0f,0f,0f,1f],start_interpolation: 0,interpolation_duration: 1}