# This file was generated by Animated Java via MC-Build. It is not recommended to edit this file directly.
$data merge entity $(bone_head) {transformation: [-0.9997f,0.0122f,0.0233f,0f,0.0184f,0.9576f,0.2875f,1.5f,-0.0188f,0.2878f,-0.9575f,0f,0f,0f,0f,1f],start_interpolation: 0,interpolation_duration: 1}
$data merge entity $(bone_right_arm) {transformation: [-0.9915f,0.1278f,-0.0258f,-0.3125f,0.1304f,0.9743f,-0.1837f,1.375f,0.0016f,-0.1855f,-0.9826f,0f,0f,0f,0f,1f],start_interpolation: 0,interpolation_duration: 1}
$data merge entity $(bone_left_arm) {transformation: [-0.9765f,-0.2104f,0.0475f,0.3125f,-0.2157f,0.9528f,-0.2136f,1.375f,-0.0003f,-0.2188f,-0.9758f,0f,0f,0f,0f,1f],start_interpolation: 0,interpolation_duration: 1}