# This file was generated by Animated Java via MC-Build. It is not recommended to edit this file directly.
$data merge entity $(bone_head) {transformation: [-0.9998f,0.0106f,0.0184f,0f,0.0154f,0.9576f,0.2878f,1.5f,-0.0146f,0.288f,-0.9575f,0f,0f,0f,0f,1f],start_interpolation: 0,interpolation_duration: 1}
$data merge entity $(bone_right_arm) {transformation: [-0.9915f,0.1276f,-0.0266f,-0.3125f,0.1304f,0.9737f,-0.1867f,1.375f,0.002f,-0.1886f,-0.9821f,0f,0f,0f,0f,1f],start_interpolation: 0,interpolation_duration: 1}
$data merge entity $(bone_left_arm) {transformation: [-0.9766f,-0.2099f,0.0478f,0.3125f,-0.2153f,0.9526f,-0.2149f,1.375f,-0.0004f,-0.2201f,-0.9755f,0f,0f,0f,0f,1f],start_interpolation: 0,interpolation_duration: 1}