# This file was generated by Animated Java via MC-Build. It is not recommended to edit this file directly.
$data merge entity $(bone_head) {transformation: [-0.9939f,-0.0241f,0.108f,0f,-0.0085f,0.9897f,0.1429f,1.5f,-0.1103f,0.1411f,-0.9838f,0f,0f,0f,0f,1f],start_interpolation: 0,interpolation_duration: 1}
$data merge entity $(bone_right_arm) {transformation: [-0.9915f,0.1268f,-0.0296f,-0.3125f,0.1302f,0.9715f,-0.1982f,1.375f,0.0037f,-0.2004f,-0.9797f,0f,0f,0f,0f,1f],start_interpolation: 0,interpolation_duration: 1}
$data merge entity $(bone_left_arm) {transformation: [-0.9772f,-0.2061f,0.0503f,0.3125f,-0.2122f,0.9511f,-0.2244f,1.375f,-0.0016f,-0.23f,-0.9732f,0f,0f,0f,0f,1f],start_interpolation: 0,interpolation_duration: 1}