# This file was generated by Animated Java via MC-Build. It is not recommended to edit this file directly.
$data merge entity $(bone_head) {transformation: [-0.9999f,0.0088f,0.0132f,0f,0.0122f,0.9575f,0.2881f,1.5f,-0.0101f,0.2882f,-0.9575f,0f,0f,0f,0f,1f],start_interpolation: 0,interpolation_duration: 1}
$data merge entity $(bone_right_arm) {transformation: [-0.9915f,0.1274f,-0.0275f,-0.3125f,0.1303f,0.9731f,-0.19f,1.375f,0.0025f,-0.192f,-0.9814f,0f,0f,0f,0f,1f],start_interpolation: 0,interpolation_duration: 1}
$data merge entity $(bone_left_arm) {transformation: [-0.9767f,-0.2093f,0.0482f,0.3125f,-0.2148f,0.9524f,-0.2164f,1.375f,-0.0006f,-0.2217f,-0.9751f,0f,0f,0f,0f,1f],start_interpolation: 0,interpolation_duration: 1}