# This file was generated by Animated Java via MC-Build. It is not recommended to edit this file directly.
$data merge entity $(bone_head) {transformation: [-0.9999f,0.007f,0.0077f,0f,0.0089f,0.9575f,0.2883f,1.5f,-0.0053f,0.2884f,-0.9575f,0f,0f,0f,0f,1f],start_interpolation: 0,interpolation_duration: 1}
$data merge entity $(bone_right_arm) {transformation: [-0.9915f,0.1272f,-0.0284f,-0.3125f,0.1303f,0.9724f,-0.1936f,1.375f,0.003f,-0.1957f,-0.9807f,0f,0f,0f,0f,1f],start_interpolation: 0,interpolation_duration: 1}
$data merge entity $(bone_left_arm) {transformation: [-0.9768f,-0.2086f,0.0487f,0.3125f,-0.2142f,0.9521f,-0.2182f,1.375f,-0.0008f,-0.2236f,-0.9747f,0f,0f,0f,0f,1f],start_interpolation: 0,interpolation_duration: 1}