# This file was generated by Animated Java via MC-Build. It is not recommended to edit this file directly.
$data merge entity $(bone_head) {transformation: [-1f,0.005f,0.0019f,0f,0.0054f,0.9575f,0.2885f,1.5f,-0.0004f,0.2886f,-0.9575f,0f,0f,0f,0f,1f],start_interpolation: 0,interpolation_duration: 1}
$data merge entity $(bone_right_arm) {transformation: [-0.9915f,0.1269f,-0.0295f,-0.3125f,0.1302f,0.9716f,-0.1975f,1.375f,0.0036f,-0.1997f,-0.9799f,0f,0f,0f,0f,1f],start_interpolation: 0,interpolation_duration: 1}
$data merge entity $(bone_left_arm) {transformation: [-0.9769f,-0.2078f,0.0492f,0.3125f,-0.2135f,0.9518f,-0.2203f,1.375f,-0.0011f,-0.2257f,-0.9742f,0f,0f,0f,0f,1f],start_interpolation: 0,interpolation_duration: 1}