# This file was generated by Animated Java via MC-Build. It is not recommended to edit this file directly.
$data merge entity $(bone_head) {transformation: [-1f,0.003f,-0.0041f,0f,0.0017f,0.9574f,0.2887f,1.5f,0.0048f,0.2887f,-0.9574f,0f,0f,0f,0f,1f],start_interpolation: 0,interpolation_duration: 1}
$data merge entity $(bone_right_arm) {transformation: [-0.9915f,0.1266f,-0.0306f,-0.3125f,0.1302f,0.9708f,-0.2017f,1.375f,0.0042f,-0.2039f,-0.979f,0f,0f,0f,0f,1f],start_interpolation: 0,interpolation_duration: 1}
$data merge entity $(bone_left_arm) {transformation: [-0.9771f,-0.2069f,0.0498f,0.3125f,-0.2128f,0.9514f,-0.2226f,1.375f,-0.0014f,-0.2281f,-0.9736f,0f,0f,0f,0f,1f],start_interpolation: 0,interpolation_duration: 1}