# This file was generated by Animated Java via MC-Build. It is not recommended to edit this file directly.
$data merge entity $(bone_head) {transformation: [-0.9999f,0.001f,-0.0102f,0f,-0.002f,0.9574f,0.2889f,1.5f,0.0101f,0.2889f,-0.9573f,0f,0f,0f,0f,1f],start_interpolation: 0,interpolation_duration: 1}
$data merge entity $(bone_right_arm) {transformation: [-0.9915f,0.1263f,-0.0318f,-0.3125f,0.1301f,0.9698f,-0.2061f,1.375f,0.0048f,-0.2085f,-0.978f,0f,0f,0f,0f,1f],start_interpolation: 0,interpolation_duration: 1}
$data merge entity $(bone_left_arm) {transformation: [-0.9773f,-0.2059f,0.0505f,0.3125f,-0.2119f,0.951f,-0.2251f,1.375f,-0.0017f,-0.2307f,-0.973f,0f,0f,0f,0f,1f],start_interpolation: 0,interpolation_duration: 1}