# This file was generated by Animated Java via MC-Build. It is not recommended to edit this file directly.
$data merge entity $(bone_head) {transformation: [-0.9999f,-0.0011f,-0.0164f,0f,-0.0058f,0.9573f,0.289f,1.5f,0.0154f,0.2891f,-0.9572f,0f,0f,0f,0f,1f],start_interpolation: 0,interpolation_duration: 1}
$data merge entity $(bone_right_arm) {transformation: [-0.9915f,0.1259f,-0.033f,-0.3125f,0.1301f,0.9689f,-0.2107f,1.375f,0.0054f,-0.2132f,-0.977f,0f,0f,0f,0f,1f],start_interpolation: 0,interpolation_duration: 1}
$data merge entity $(bone_left_arm) {transformation: [-0.9775f,-0.2048f,0.0512f,0.3125f,-0.211f,0.9505f,-0.2279f,1.375f,-0.002f,-0.2336f,-0.9723f,0f,0f,0f,0f,1f],start_interpolation: 0,interpolation_duration: 1}