# This file was generated by Animated Java via MC-Build. It is not recommended to edit this file directly.
$data merge entity $(bone_head) {transformation: [-0.9997f,-0.0031f,-0.0226f,0f,-0.0095f,0.9572f,0.2891f,1.5f,0.0208f,0.2893f,-0.957f,0f,0f,0f,0f,1f],start_interpolation: 0,interpolation_duration: 1}
$data merge entity $(bone_right_arm) {transformation: [-0.9915f,0.1255f,-0.0343f,-0.3125f,0.13f,0.9678f,-0.2156f,1.375f,0.0061f,-0.2182f,-0.9759f,0f,0f,0f,0f,1f],start_interpolation: 0,interpolation_duration: 1}
$data merge entity $(bone_left_arm) {transformation: [-0.9777f,-0.2036f,0.052f,0.3125f,-0.2101f,0.95f,-0.2309f,1.375f,-0.0024f,-0.2366f,-0.9716f,0f,0f,0f,0f,1f],start_interpolation: 0,interpolation_duration: 1}