# This file was generated by Animated Java via MC-Build. It is not recommended to edit this file directly.
$data merge entity $(bone_head) {transformation: [-0.9996f,-0.0052f,-0.0288f,0f,-0.0133f,0.9572f,0.2892f,1.5f,0.0261f,0.2894f,-0.9568f,0f,0f,0f,0f,1f],start_interpolation: 0,interpolation_duration: 1}
$data merge entity $(bone_right_arm) {transformation: [-0.9915f,0.1251f,-0.0357f,-0.3125f,0.1299f,0.9667f,-0.2207f,1.375f,0.0068f,-0.2234f,-0.9747f,0f,0f,0f,0f,1f],start_interpolation: 0,interpolation_duration: 1}
$data merge entity $(bone_left_arm) {transformation: [-0.9779f,-0.2023f,0.0528f,0.3125f,-0.209f,0.9495f,-0.234f,1.375f,-0.0028f,-0.2399f,-0.9708f,0f,0f,0f,0f,1f],start_interpolation: 0,interpolation_duration: 1}