# This file was generated by Animated Java via MC-Build. It is not recommended to edit this file directly.
$data merge entity $(bone_head) {transformation: [-0.9994f,-0.0072f,-0.035f,0f,-0.017f,0.9571f,0.2892f,1.5f,0.0314f,0.2896f,-0.9566f,0f,0f,0f,0f,1f],start_interpolation: 0,interpolation_duration: 1}
$data merge entity $(bone_right_arm) {transformation: [-0.9915f,0.1247f,-0.037f,-0.3125f,0.1299f,0.9654f,-0.2259f,1.375f,0.0076f,-0.2288f,-0.9734f,0f,0f,0f,0f,1f],start_interpolation: 0,interpolation_duration: 1}
$data merge entity $(bone_left_arm) {transformation: [-0.9781f,-0.201f,0.0536f,0.3125f,-0.208f,0.9489f,-0.2374f,1.375f,-0.0032f,-0.2433f,-0.9699f,0f,0f,0f,0f,1f],start_interpolation: 0,interpolation_duration: 1}