# This file was generated by Animated Java via MC-Build. It is not recommended to edit this file directly.
$data merge entity $(bone_head) {transformation: [-0.9991f,-0.0092f,-0.0409f,0f,-0.0206f,0.9571f,0.2891f,1.5f,0.0365f,0.2897f,-0.9564f,0f,0f,0f,0f,1f],start_interpolation: 0,interpolation_duration: 1}
$data merge entity $(bone_right_arm) {transformation: [-0.9915f,0.1243f,-0.0385f,-0.3125f,0.1298f,0.9642f,-0.2314f,1.375f,0.0084f,-0.2344f,-0.9721f,0f,0f,0f,0f,1f],start_interpolation: 0,interpolation_duration: 1}
$data merge entity $(bone_left_arm) {transformation: [-0.9784f,-0.1995f,0.0545f,0.3125f,-0.2068f,0.9483f,-0.2409f,1.375f,-0.0036f,-0.247f,-0.969f,0f,0f,0f,0f,1f],start_interpolation: 0,interpolation_duration: 1}