# This file was generated by Animated Java via MC-Build. It is not recommended to edit this file directly.
$data merge entity $(bone_head) {transformation: [-0.9963f,-0.0209f,0.083f,0f,-0.0099f,0.9914f,0.1302f,1.5f,-0.0851f,0.1289f,-0.988f,0f,0f,0f,0f,1f],start_interpolation: 0,interpolation_duration: 1}
$data merge entity $(bone_right_arm) {transformation: [-0.9915f,0.1265f,-0.0309f,-0.3125f,0.1302f,0.9705f,-0.2029f,1.375f,0.0043f,-0.2052f,-0.9787f,0f,0f,0f,0f,1f],start_interpolation: 0,interpolation_duration: 1}
$data merge entity $(bone_left_arm) {transformation: [-0.9774f,-0.2052f,0.0509f,0.3125f,-0.2114f,0.9507f,-0.2268f,1.375f,-0.0019f,-0.2324f,-0.9726f,0f,0f,0f,0f,1f],start_interpolation: 0,interpolation_duration: 1}