# This file was generated by Animated Java via MC-Build. It is not recommended to edit this file directly.
$data merge entity $(bone_head) {transformation: [-0.9988f,-0.0111f,-0.0467f,0f,-0.0241f,0.957f,0.289f,1.5f,0.0415f,0.2898f,-0.9562f,0f,0f,0f,0f,1f],start_interpolation: 0,interpolation_duration: 1}
$data merge entity $(bone_right_arm) {transformation: [-0.9915f,0.1238f,-0.04f,-0.3125f,0.1297f,0.9628f,-0.2369f,1.375f,0.0092f,-0.2401f,-0.9707f,0f,0f,0f,0f,1f],start_interpolation: 0,interpolation_duration: 1}
$data merge entity $(bone_left_arm) {transformation: [-0.9786f,-0.1981f,0.0554f,0.3125f,-0.2056f,0.9476f,-0.2446f,1.375f,-0.004f,-0.2507f,-0.9681f,0f,0f,0f,0f,1f],start_interpolation: 0,interpolation_duration: 1}