# This file was generated by Animated Java via MC-Build. It is not recommended to edit this file directly.
$data merge entity $(bone_head) {transformation: [-0.9986f,-0.0129f,-0.0522f,0f,-0.0275f,0.957f,0.2889f,1.5f,0.0463f,0.2899f,-0.9559f,0f,0f,0f,0f,1f],start_interpolation: 0,interpolation_duration: 1}
$data merge entity $(bone_right_arm) {transformation: [-0.9915f,0.1233f,-0.0415f,-0.3125f,0.1297f,0.9614f,-0.2426f,1.375f,0.01f,-0.2459f,-0.9692f,0f,0f,0f,0f,1f],start_interpolation: 0,interpolation_duration: 1}
$data merge entity $(bone_left_arm) {transformation: [-0.9789f,-0.1965f,0.0563f,0.3125f,-0.2044f,0.9469f,-0.2484f,1.375f,-0.0045f,-0.2546f,-0.967f,0f,0f,0f,0f,1f],start_interpolation: 0,interpolation_duration: 1}