# This file was generated by Animated Java via MC-Build. It is not recommended to edit this file directly.
$data merge entity $(bone_head) {transformation: [-0.9982f,-0.0147f,-0.0575f,0f,-0.0307f,0.9569f,0.2888f,1.5f,0.0508f,0.29f,-0.9557f,0f,0f,0f,0f,1f],start_interpolation: 0,interpolation_duration: 1}
$data merge entity $(bone_right_arm) {transformation: [-0.9915f,0.1227f,-0.043f,-0.3125f,0.1296f,0.9599f,-0.2484f,1.375f,0.0108f,-0.2519f,-0.9677f,0f,0f,0f,0f,1f],start_interpolation: 0,interpolation_duration: 1}
$data merge entity $(bone_left_arm) {transformation: [-0.9791f,-0.1949f,0.0572f,0.3125f,-0.2031f,0.9461f,-0.2523f,1.375f,-0.005f,-0.2586f,-0.966f,0f,0f,0f,0f,1f],start_interpolation: 0,interpolation_duration: 1}