# This file was generated by Animated Java via MC-Build. It is not recommended to edit this file directly.
$data merge entity $(bone_head) {transformation: [-0.9979f,-0.0163f,-0.0624f,0f,-0.0336f,0.9568f,0.2886f,1.5f,0.055f,0.2901f,-0.9554f,0f,0f,0f,0f,1f],start_interpolation: 0,interpolation_duration: 1}
$data merge entity $(bone_right_arm) {transformation: [-0.9915f,0.1222f,-0.0445f,-0.3125f,0.1295f,0.9584f,-0.2543f,1.375f,0.0116f,-0.2579f,-0.9661f,0f,0f,0f,0f,1f],start_interpolation: 0,interpolation_duration: 1}
$data merge entity $(bone_left_arm) {transformation: [-0.9794f,-0.1933f,0.0582f,0.3125f,-0.2018f,0.9453f,-0.2563f,1.375f,-0.0054f,-0.2627f,-0.9649f,0f,0f,0f,0f,1f],start_interpolation: 0,interpolation_duration: 1}