# This file was generated by Animated Java via MC-Build. It is not recommended to edit this file directly.
$data merge entity $(bone_head) {transformation: [-0.9976f,-0.0178f,-0.0669f,0f,-0.0364f,0.9568f,0.2885f,1.5f,0.0589f,0.2902f,-0.9552f,0f,0f,0f,0f,1f],start_interpolation: 0,interpolation_duration: 1}
$data merge entity $(bone_right_arm) {transformation: [-0.9915f,0.1216f,-0.0461f,-0.3125f,0.1295f,0.9568f,-0.2602f,1.375f,0.0125f,-0.2639f,-0.9645f,0f,0f,0f,0f,1f],start_interpolation: 0,interpolation_duration: 1}
$data merge entity $(bone_left_arm) {transformation: [-0.9797f,-0.1916f,0.0591f,0.3125f,-0.2005f,0.9445f,-0.2603f,1.375f,-0.0059f,-0.2669f,-0.9637f,0f,0f,0f,0f,1f],start_interpolation: 0,interpolation_duration: 1}