# This file was generated by Animated Java via MC-Build. It is not recommended to edit this file directly.
$data merge entity $(bone_head) {transformation: [-0.9973f,-0.0191f,-0.0709f,0f,-0.0388f,0.9568f,0.2883f,1.5f,0.0624f,0.2903f,-0.9549f,0f,0f,0f,0f,1f],start_interpolation: 0,interpolation_duration: 1}
$data merge entity $(bone_right_arm) {transformation: [-0.9915f,0.121f,-0.0477f,-0.3125f,0.1294f,0.9552f,-0.2661f,1.375f,0.0133f,-0.27f,-0.9628f,0f,0f,0f,0f,1f],start_interpolation: 0,interpolation_duration: 1}
$data merge entity $(bone_left_arm) {transformation: [-0.98f,-0.1899f,0.0601f,0.3125f,-0.1991f,0.9436f,-0.2645f,1.375f,-0.0064f,-0.2711f,-0.9625f,0f,0f,0f,0f,1f],start_interpolation: 0,interpolation_duration: 1}