# This file was generated by Animated Java via MC-Build. It is not recommended to edit this file directly.
$data merge entity $(bone_head) {transformation: [-0.997f,-0.0203f,-0.0745f,0f,-0.041f,0.9567f,0.2881f,1.5f,0.0655f,0.2903f,-0.9547f,0f,0f,0f,0f,1f],start_interpolation: 0,interpolation_duration: 1}
$data merge entity $(bone_right_arm) {transformation: [-0.9915f,0.1204f,-0.0492f,-0.3125f,0.1293f,0.9535f,-0.2721f,1.375f,0.0142f,-0.2762f,-0.961f,0f,0f,0f,0f,1f],start_interpolation: 0,interpolation_duration: 1}
$data merge entity $(bone_left_arm) {transformation: [-0.9802f,-0.1882f,0.061f,0.3125f,-0.1977f,0.9427f,-0.2686f,1.375f,-0.007f,-0.2754f,-0.9613f,0f,0f,0f,0f,1f],start_interpolation: 0,interpolation_duration: 1}