# This file was generated by Animated Java via MC-Build. It is not recommended to edit this file directly.
$data merge entity $(bone_head) {transformation: [-0.9968f,-0.0213f,-0.0776f,0f,-0.0429f,0.9567f,0.288f,1.5f,0.0681f,0.2904f,-0.9545f,0f,0f,0f,0f,1f],start_interpolation: 0,interpolation_duration: 1}
$data merge entity $(bone_right_arm) {transformation: [-0.9915f,0.1198f,-0.0508f,-0.3125f,0.1292f,0.9518f,-0.2781f,1.375f,0.015f,-0.2823f,-0.9592f,0f,0f,0f,0f,1f],start_interpolation: 0,interpolation_duration: 1}
$data merge entity $(bone_left_arm) {transformation: [-0.9805f,-0.1865f,0.0619f,0.3125f,-0.1964f,0.9418f,-0.2728f,1.375f,-0.0075f,-0.2797f,-0.9601f,0f,0f,0f,0f,1f],start_interpolation: 0,interpolation_duration: 1}