# This file was generated by Animated Java via MC-Build. It is not recommended to edit this file directly.
$data merge entity $(bone_head) {transformation: [-0.9965f,-0.0222f,-0.0802f,0f,-0.0444f,0.9566f,0.2878f,1.5f,0.0704f,0.2904f,-0.9543f,0f,0f,0f,0f,1f],start_interpolation: 0,interpolation_duration: 1}
$data merge entity $(bone_right_arm) {transformation: [-0.9915f,0.1191f,-0.0523f,-0.3125f,0.1292f,0.9501f,-0.284f,1.375f,0.0159f,-0.2883f,-0.9574f,0f,0f,0f,0f,1f],start_interpolation: 0,interpolation_duration: 1}
$data merge entity $(bone_left_arm) {transformation: [-0.9808f,-0.1848f,0.0629f,0.3125f,-0.195f,0.9409f,-0.277f,1.375f,-0.008f,-0.2839f,-0.9588f,0f,0f,0f,0f,1f],start_interpolation: 0,interpolation_duration: 1}