# This file was generated by Animated Java via MC-Build. It is not recommended to edit this file directly.
$data merge entity $(bone_head) {transformation: [-0.9964f,-0.0228f,-0.0822f,0f,-0.0457f,0.9566f,0.2877f,1.5f,0.0721f,0.2904f,-0.9542f,0f,0f,0f,0f,1f],start_interpolation: 0,interpolation_duration: 1}
$data merge entity $(bone_right_arm) {transformation: [-0.9915f,0.1185f,-0.0539f,-0.3125f,0.1291f,0.9483f,-0.2898f,1.375f,0.0167f,-0.2943f,-0.9556f,0f,0f,0f,0f,1f],start_interpolation: 0,interpolation_duration: 1}
$data merge entity $(bone_left_arm) {transformation: [-0.981f,-0.183f,0.0638f,0.3125f,-0.1936f,0.9399f,-0.2812f,1.375f,-0.0085f,-0.2882f,-0.9575f,0f,0f,0f,0f,1f],start_interpolation: 0,interpolation_duration: 1}