# This file was generated by Animated Java via MC-Build. It is not recommended to edit this file directly.
$data merge entity $(bone_head) {transformation: [-0.9982f,-0.0182f,0.0569f,0f,-0.0114f,0.9931f,0.1169f,1.5f,-0.0587f,0.1161f,-0.9915f,0f,0f,0f,0f,1f],start_interpolation: 0,interpolation_duration: 1}
$data merge entity $(bone_right_arm) {transformation: [-0.9915f,0.1261f,-0.0322f,-0.3125f,0.1301f,0.9695f,-0.2078f,1.375f,0.005f,-0.2103f,-0.9776f,0f,0f,0f,0f,1f],start_interpolation: 0,interpolation_duration: 1}
$data merge entity $(bone_left_arm) {transformation: [-0.9776f,-0.2042f,0.0516f,0.3125f,-0.2106f,0.9503f,-0.2294f,1.375f,-0.0022f,-0.2351f,-0.972f,0f,0f,0f,0f,1f],start_interpolation: 0,interpolation_duration: 1}