# This file was generated by Animated Java via MC-Build. It is not recommended to edit this file directly.
$data merge entity $(bone_head) {transformation: [-0.9962f,-0.0233f,-0.0837f,0f,-0.0466f,0.9566f,0.2877f,1.5f,0.0734f,0.2905f,-0.9541f,0f,0f,0f,0f,1f],start_interpolation: 0,interpolation_duration: 1}
$data merge entity $(bone_right_arm) {transformation: [-0.9915f,0.1178f,-0.0554f,-0.3125f,0.129f,0.9466f,-0.2956f,1.375f,0.0176f,-0.3003f,-0.9537f,0f,0f,0f,0f,1f],start_interpolation: 0,interpolation_duration: 1}
$data merge entity $(bone_left_arm) {transformation: [-0.9813f,-0.1813f,0.0647f,0.3125f,-0.1923f,0.939f,-0.2853f,1.375f,-0.009f,-0.2924f,-0.9563f,0f,0f,0f,0f,1f],start_interpolation: 0,interpolation_duration: 1}