# This file was generated by Animated Java via MC-Build. It is not recommended to edit this file directly.
$data merge entity $(bone_head) {transformation: [-0.9961f,-0.0236f,-0.0846f,0f,-0.0471f,0.9566f,0.2876f,1.5f,0.0741f,0.2905f,-0.954f,0f,0f,0f,0f,1f],start_interpolation: 0,interpolation_duration: 1}
$data merge entity $(bone_right_arm) {transformation: [-0.9915f,0.1172f,-0.0569f,-0.3125f,0.1289f,0.9448f,-0.3013f,1.375f,0.0184f,-0.3061f,-0.9518f,0f,0f,0f,0f,1f],start_interpolation: 0,interpolation_duration: 1}
$data merge entity $(bone_left_arm) {transformation: [-0.9816f,-0.1796f,0.0655f,0.3125f,-0.1909f,0.938f,-0.2894f,1.375f,-0.0095f,-0.2965f,-0.955f,0f,0f,0f,0f,1f],start_interpolation: 0,interpolation_duration: 1}