# This file was generated by Animated Java via MC-Build. It is not recommended to edit this file directly.
$data merge entity $(bone_head) {transformation: [-0.9961f,-0.0237f,-0.0849f,0f,-0.0473f,0.9566f,0.2876f,1.5f,0.0744f,0.2905f,-0.954f,0f,0f,0f,0f,1f],start_interpolation: 0,interpolation_duration: 1}
$data merge entity $(bone_right_arm) {transformation: [-0.9915f,0.1165f,-0.0583f,-0.3125f,0.1289f,0.943f,-0.3069f,1.375f,0.0192f,-0.3118f,-0.95f,0f,0f,0f,0f,1f],start_interpolation: 0,interpolation_duration: 1}
$data merge entity $(bone_left_arm) {transformation: [-0.9818f,-0.1779f,0.0663f,0.3125f,-0.1896f,0.937f,-0.2934f,1.375f,-0.01f,-0.3006f,-0.9537f,0f,0f,0f,0f,1f],start_interpolation: 0,interpolation_duration: 1}