# This file was generated by Animated Java via MC-Build. It is not recommended to edit this file directly.
$data merge entity $(bone_head) {transformation: [-0.9962f,-0.0239f,-0.084f,0f,-0.0472f,0.9567f,0.2871f,1.5f,0.0735f,0.29f,-0.9542f,0f,0f,0f,0f,1f],start_interpolation: 0,interpolation_duration: 1}
$data merge entity $(bone_right_arm) {transformation: [-0.9915f,0.1159f,-0.0597f,-0.3125f,0.1288f,0.9412f,-0.3123f,1.375f,0.02f,-0.3174f,-0.9481f,0f,0f,0f,0f,1f],start_interpolation: 0,interpolation_duration: 1}
$data merge entity $(bone_left_arm) {transformation: [-0.982f,-0.1763f,0.0671f,0.3125f,-0.1884f,0.936f,-0.2972f,1.375f,-0.0104f,-0.3045f,-0.9524f,0f,0f,0f,0f,1f],start_interpolation: 0,interpolation_duration: 1}