# This file was generated by Animated Java via MC-Build. It is not recommended to edit this file directly.
$data merge entity $(bone_head) {transformation: [-0.9964f,-0.0245f,-0.0814f,0f,-0.0469f,0.9572f,0.2856f,1.5f,0.0709f,0.2884f,-0.9549f,0f,0f,0f,0f,1f],start_interpolation: 0,interpolation_duration: 1}
$data merge entity $(bone_right_arm) {transformation: [-0.9915f,0.1152f,-0.0611f,-0.3125f,0.1287f,0.9394f,-0.3176f,1.375f,0.0208f,-0.3228f,-0.9462f,0f,0f,0f,0f,1f],start_interpolation: 0,interpolation_duration: 1}
$data merge entity $(bone_left_arm) {transformation: [-0.9823f,-0.1747f,0.0679f,0.3125f,-0.1871f,0.9351f,-0.301f,1.375f,-0.0109f,-0.3084f,-0.9512f,0f,0f,0f,0f,1f],start_interpolation: 0,interpolation_duration: 1}