# This file was generated by Animated Java via MC-Build. It is not recommended to edit this file directly.
$data merge entity $(bone_head) {transformation: [-0.9967f,-0.0255f,-0.0771f,0f,-0.0464f,0.9579f,0.2832f,1.5f,0.0666f,0.2859f,-0.956f,0f,0f,0f,0f,1f],start_interpolation: 0,interpolation_duration: 1}
$data merge entity $(bone_right_arm) {transformation: [-0.9915f,0.1146f,-0.0624f,-0.3125f,0.1287f,0.9377f,-0.3227f,1.375f,0.0215f,-0.328f,-0.9444f,0f,0f,0f,0f,1f],start_interpolation: 0,interpolation_duration: 1}
$data merge entity $(bone_left_arm) {transformation: [-0.9825f,-0.1732f,0.0686f,0.3125f,-0.1859f,0.9341f,-0.3046f,1.375f,-0.0113f,-0.3121f,-0.95f,0f,0f,0f,0f,1f],start_interpolation: 0,interpolation_duration: 1}