# This file was generated by Animated Java via MC-Build. It is not recommended to edit this file directly.
$data merge entity $(bone_head) {transformation: [-0.9971f,-0.0268f,-0.071f,0f,-0.0457f,0.959f,0.2798f,1.5f,0.0606f,0.2823f,-0.9574f,0f,0f,0f,0f,1f],start_interpolation: 0,interpolation_duration: 1}
$data merge entity $(bone_right_arm) {transformation: [-0.9914f,0.1139f,-0.0636f,-0.3125f,0.1286f,0.936f,-0.3277f,1.375f,0.0222f,-0.3331f,-0.9426f,0f,0f,0f,0f,1f],start_interpolation: 0,interpolation_duration: 1}
$data merge entity $(bone_left_arm) {transformation: [-0.9827f,-0.1717f,0.0693f,0.3125f,-0.1848f,0.9332f,-0.3081f,1.375f,-0.0118f,-0.3156f,-0.9488f,0f,0f,0f,0f,1f],start_interpolation: 0,interpolation_duration: 1}