# This file was generated by Animated Java via MC-Build. It is not recommended to edit this file directly.
$data merge entity $(bone_head) {transformation: [-0.9976f,-0.0284f,-0.0633f,0f,-0.0448f,0.9603f,0.2755f,1.5f,0.053f,0.2777f,-0.9592f,0f,0f,0f,0f,1f],start_interpolation: 0,interpolation_duration: 1}
$data merge entity $(bone_right_arm) {transformation: [-0.9914f,0.1133f,-0.0649f,-0.3125f,0.1285f,0.9343f,-0.3324f,1.375f,0.0229f,-0.3379f,-0.9409f,0f,0f,0f,0f,1f],start_interpolation: 0,interpolation_duration: 1}
$data merge entity $(bone_left_arm) {transformation: [-0.9829f,-0.1703f,0.0699f,0.3125f,-0.1837f,0.9323f,-0.3115f,1.375f,-0.0122f,-0.319f,-0.9477f,0f,0f,0f,0f,1f],start_interpolation: 0,interpolation_duration: 1}