# This file was generated by Animated Java via MC-Build. It is not recommended to edit this file directly.
$data merge entity $(bone_head) {transformation: [-0.9981f,-0.0302f,-0.054f,0f,-0.0437f,0.9618f,0.2703f,1.5f,0.0438f,0.2721f,-0.9613f,0f,0f,0f,0f,1f],start_interpolation: 0,interpolation_duration: 1}
$data merge entity $(bone_right_arm) {transformation: [-0.9914f,0.1127f,-0.066f,-0.3125f,0.1285f,0.9327f,-0.3369f,1.375f,0.0236f,-0.3425f,-0.9392f,0f,0f,0f,0f,1f],start_interpolation: 0,interpolation_duration: 1}
$data merge entity $(bone_left_arm) {transformation: [-0.9831f,-0.1689f,0.0705f,0.3125f,-0.1826f,0.9315f,-0.3146f,1.375f,-0.0126f,-0.3222f,-0.9466f,0f,0f,0f,0f,1f],start_interpolation: 0,interpolation_duration: 1}