# This file was generated by Animated Java via MC-Build. It is not recommended to edit this file directly.
$data merge entity $(bone_head) {transformation: [-0.9986f,-0.0322f,-0.0431f,0f,-0.0425f,0.9636f,0.2641f,1.5f,0.033f,0.2656f,-0.9635f,0f,0f,0f,0f,1f],start_interpolation: 0,interpolation_duration: 1}
$data merge entity $(bone_right_arm) {transformation: [-0.9914f,0.1122f,-0.0671f,-0.3125f,0.1284f,0.9312f,-0.3411f,1.375f,0.0242f,-0.3468f,-0.9376f,0f,0f,0f,0f,1f],start_interpolation: 0,interpolation_duration: 1}
$data merge entity $(bone_left_arm) {transformation: [-0.9833f,-0.1677f,0.0711f,0.3125f,-0.1817f,0.9307f,-0.3175f,1.375f,-0.0129f,-0.3251f,-0.9456f,0f,0f,0f,0f,1f],start_interpolation: 0,interpolation_duration: 1}