# This file was generated by Animated Java via MC-Build. It is not recommended to edit this file directly.
$data merge entity $(bone_head) {transformation: [-0.9994f,-0.0162f,0.03f,0f,-0.013f,0.9946f,0.1031f,1.5f,-0.0315f,0.1027f,-0.9942f,0f,0f,0f,0f,1f],start_interpolation: 0,interpolation_duration: 1}
$data merge entity $(bone_right_arm) {transformation: [-0.9915f,0.1257f,-0.0336f,-0.3125f,0.13f,0.9683f,-0.2131f,1.375f,0.0058f,-0.2157f,-0.9765f,0f,0f,0f,0f,1f],start_interpolation: 0,interpolation_duration: 1}
$data merge entity $(bone_left_arm) {transformation: [-0.9778f,-0.2031f,0.0523f,0.3125f,-0.2097f,0.9498f,-0.2321f,1.375f,-0.0025f,-0.2379f,-0.9713f,0f,0f,0f,0f,1f],start_interpolation: 0,interpolation_duration: 1}