# This file was generated by Animated Java via MC-Build. It is not recommended to edit this file directly.
$data merge entity $(bone_head) {transformation: [-0.9989f,-0.0343f,-0.0307f,0f,-0.041f,0.9655f,0.2571f,1.5f,0.0208f,0.2581f,-0.9659f,0f,0f,0f,0f,1f],start_interpolation: 0,interpolation_duration: 1}
$data merge entity $(bone_right_arm) {transformation: [-0.9914f,0.1116f,-0.0681f,-0.3125f,0.1284f,0.9297f,-0.3451f,1.375f,0.0248f,-0.3509f,-0.9361f,0f,0f,0f,0f,1f],start_interpolation: 0,interpolation_duration: 1}
$data merge entity $(bone_left_arm) {transformation: [-0.9834f,-0.1665f,0.0716f,0.3125f,-0.1807f,0.9299f,-0.3203f,1.375f,-0.0132f,-0.3279f,-0.9446f,0f,0f,0f,0f,1f],start_interpolation: 0,interpolation_duration: 1}