# This file was generated by Animated Java via MC-Build. It is not recommended to edit this file directly.
$data merge entity $(bone_head) {transformation: [-0.9992f,-0.0364f,-0.0169f,0f,-0.0394f,0.9676f,0.2492f,1.5f,0.0073f,0.2497f,-0.9683f,0f,0f,0f,0f,1f],start_interpolation: 0,interpolation_duration: 1}
$data merge entity $(bone_right_arm) {transformation: [-0.9914f,0.1111f,-0.069f,-0.3125f,0.1283f,0.9284f,-0.3488f,1.375f,0.0253f,-0.3547f,-0.9346f,0f,0f,0f,0f,1f],start_interpolation: 0,interpolation_duration: 1}
$data merge entity $(bone_left_arm) {transformation: [-0.9836f,-0.1654f,0.072f,0.3125f,-0.1799f,0.9292f,-0.3228f,1.375f,-0.0136f,-0.3304f,-0.9437f,0f,0f,0f,0f,1f],start_interpolation: 0,interpolation_duration: 1}