# This file was generated by Animated Java via MC-Build. It is not recommended to edit this file directly.
$data merge entity $(bone_head) {transformation: [-0.9993f,-0.0384f,-0.0017f,0f,-0.0377f,0.9699f,0.2406f,1.5f,-0.0076f,0.2404f,-0.9706f,0f,0f,0f,0f,1f],start_interpolation: 0,interpolation_duration: 1}
$data merge entity $(bone_right_arm) {transformation: [-0.9914f,0.1106f,-0.0699f,-0.3125f,0.1283f,0.9271f,-0.3523f,1.375f,0.0259f,-0.3582f,-0.9333f,0f,0f,0f,0f,1f],start_interpolation: 0,interpolation_duration: 1}
$data merge entity $(bone_left_arm) {transformation: [-0.9837f,-0.1644f,0.0725f,0.3125f,-0.1792f,0.9286f,-0.3251f,1.375f,-0.0138f,-0.3328f,-0.9429f,0f,0f,0f,0f,1f],start_interpolation: 0,interpolation_duration: 1}