# This file was generated by Animated Java via MC-Build. It is not recommended to edit this file directly.
$data merge entity $(bone_head) {transformation: [-0.9991f,-0.0402f,0.0147f,0f,-0.0358f,0.9723f,0.2311f,1.5f,-0.0236f,0.2304f,-0.9728f,0f,0f,0f,0f,1f],start_interpolation: 0,interpolation_duration: 1}
$data merge entity $(bone_right_arm) {transformation: [-0.9914f,0.1102f,-0.0707f,-0.3125f,0.1282f,0.9259f,-0.3554f,1.375f,0.0263f,-0.3614f,-0.932f,0f,0f,0f,0f,1f],start_interpolation: 0,interpolation_duration: 1}
$data merge entity $(bone_left_arm) {transformation: [-0.9838f,-0.1636f,0.0728f,0.3125f,-0.1785f,0.928f,-0.3271f,1.375f,-0.0141f,-0.3348f,-0.9422f,0f,0f,0f,0f,1f],start_interpolation: 0,interpolation_duration: 1}