# This file was generated by Animated Java via MC-Build. It is not recommended to edit this file directly.
$data merge entity $(bone_head) {transformation: [-0.9986f,-0.0419f,0.0323f,0f,-0.0337f,0.9747f,0.2209f,1.5f,-0.0407f,0.2195f,-0.9748f,0f,0f,0f,0f,1f],start_interpolation: 0,interpolation_duration: 1}
$data merge entity $(bone_right_arm) {transformation: [-0.9914f,0.1098f,-0.0714f,-0.3125f,0.1282f,0.9248f,-0.3582f,1.375f,0.0267f,-0.3643f,-0.9309f,0f,0f,0f,0f,1f],start_interpolation: 0,interpolation_duration: 1}
$data merge entity $(bone_left_arm) {transformation: [-0.9839f,-0.1628f,0.0731f,0.3125f,-0.1779f,0.9275f,-0.3289f,1.375f,-0.0143f,-0.3366f,-0.9415f,0f,0f,0f,0f,1f],start_interpolation: 0,interpolation_duration: 1}