# This file was generated by Animated Java via MC-Build. It is not recommended to edit this file directly.
$data merge entity $(bone_head) {transformation: [-0.9978f,-0.0431f,0.0509f,0f,-0.0315f,0.9772f,0.2101f,1.5f,-0.0588f,0.208f,-0.9764f,0f,0f,0f,0f,1f],start_interpolation: 0,interpolation_duration: 1}
$data merge entity $(bone_right_arm) {transformation: [-0.9914f,0.1094f,-0.0721f,-0.3125f,0.1282f,0.9238f,-0.3608f,1.375f,0.0271f,-0.3669f,-0.9299f,0f,0f,0f,0f,1f],start_interpolation: 0,interpolation_duration: 1}
$data merge entity $(bone_left_arm) {transformation: [-0.984f,-0.1621f,0.0734f,0.3125f,-0.1774f,0.927f,-0.3304f,1.375f,-0.0145f,-0.3382f,-0.941f,0f,0f,0f,0f,1f],start_interpolation: 0,interpolation_duration: 1}