# This file was generated by Animated Java via MC-Build. It is not recommended to edit this file directly.
$data merge entity $(bone_head) {transformation: [-0.9966f,-0.044f,0.0703f,0f,-0.0293f,0.9796f,0.1986f,1.5f,-0.0776f,0.1959f,-0.9775f,0f,0f,0f,0f,1f],start_interpolation: 0,interpolation_duration: 1}
$data merge entity $(bone_right_arm) {transformation: [-0.9914f,0.1091f,-0.0726f,-0.3125f,0.1281f,0.9229f,-0.363f,1.375f,0.0274f,-0.3692f,-0.929f,0f,0f,0f,0f,1f],start_interpolation: 0,interpolation_duration: 1}
$data merge entity $(bone_left_arm) {transformation: [-0.9841f,-0.1616f,0.0736f,0.3125f,-0.177f,0.9267f,-0.3317f,1.375f,-0.0146f,-0.3394f,-0.9405f,0f,0f,0f,0f,1f],start_interpolation: 0,interpolation_duration: 1}