# This file was generated by Animated Java via MC-Build. It is not recommended to edit this file directly.
$data merge entity $(bone_head) {transformation: [-0.9949f,-0.0444f,0.0904f,0f,-0.0269f,0.9821f,0.1867f,1.5f,-0.0971f,0.1833f,-0.9783f,0f,0f,0f,0f,1f],start_interpolation: 0,interpolation_duration: 1}
$data merge entity $(bone_right_arm) {transformation: [-0.9914f,0.1088f,-0.0731f,-0.3125f,0.1281f,0.9222f,-0.3649f,1.375f,0.0277f,-0.3711f,-0.9282f,0f,0f,0f,0f,1f],start_interpolation: 0,interpolation_duration: 1}
$data merge entity $(bone_left_arm) {transformation: [-0.9842f,-0.1612f,0.0738f,0.3125f,-0.1766f,0.9264f,-0.3326f,1.375f,-0.0148f,-0.3404f,-0.9402f,0f,0f,0f,0f,1f],start_interpolation: 0,interpolation_duration: 1}