# This file was generated by Animated Java via MC-Build. It is not recommended to edit this file directly.
$data merge entity $(bone_head) {transformation: [-0.9928f,-0.0443f,0.1111f,0f,-0.0245f,0.9844f,0.1742f,1.5f,-0.1171f,0.1702f,-0.9784f,0f,0f,0f,0f,1f],start_interpolation: 0,interpolation_duration: 1}
$data merge entity $(bone_right_arm) {transformation: [-0.9914f,0.1086f,-0.0735f,-0.3125f,0.1281f,0.9216f,-0.3664f,1.375f,0.0279f,-0.3727f,-0.9275f,0f,0f,0f,0f,1f],start_interpolation: 0,interpolation_duration: 1}
$data merge entity $(bone_left_arm) {transformation: [-0.9842f,-0.1609f,0.0739f,0.3125f,-0.1764f,0.9262f,-0.3333f,1.375f,-0.0148f,-0.3411f,-0.9399f,0f,0f,0f,0f,1f],start_interpolation: 0,interpolation_duration: 1}