# This file was generated by Animated Java via MC-Build. It is not recommended to edit this file directly.
$data merge entity $(bone_head) {transformation: [-0.9903f,-0.0437f,0.1323f,0f,-0.022f,0.9867f,0.1613f,1.5f,-0.1375f,0.1569f,-0.978f,0f,0f,0f,0f,1f],start_interpolation: 0,interpolation_duration: 1}
$data merge entity $(bone_right_arm) {transformation: [-0.9914f,0.1084f,-0.0738f,-0.3125f,0.1281f,0.9211f,-0.3676f,1.375f,0.0281f,-0.3739f,-0.927f,0f,0f,0f,0f,1f],start_interpolation: 0,interpolation_duration: 1}
$data merge entity $(bone_left_arm) {transformation: [-0.9842f,-0.1607f,0.074f,0.3125f,-0.1763f,0.926f,-0.3338f,1.375f,-0.0149f,-0.3416f,-0.9397f,0f,0f,0f,0f,1f],start_interpolation: 0,interpolation_duration: 1}