# This file was generated by Animated Java via MC-Build. It is not recommended to edit this file directly.
$data merge entity $(bone_head) {transformation: [-0.9999f,-0.0148f,0.0024f,0f,-0.0146f,0.9959f,0.0889f,1.5f,-0.0037f,0.0889f,-0.996f,0f,0f,0f,0f,1f],start_interpolation: 0,interpolation_duration: 1}
$data merge entity $(bone_right_arm) {transformation: [-0.9915f,0.1253f,-0.0351f,-0.3125f,0.13f,0.9671f,-0.2186f,1.375f,0.0066f,-0.2213f,-0.9752f,0f,0f,0f,0f,1f],start_interpolation: 0,interpolation_duration: 1}
$data merge entity $(bone_left_arm) {transformation: [-0.978f,-0.2019f,0.053f,0.3125f,-0.2088f,0.9493f,-0.2349f,1.375f,-0.0029f,-0.2408f,-0.9706f,0f,0f,0f,0f,1f],start_interpolation: 0,interpolation_duration: 1}