# This file was generated by Animated Java via MC-Build. It is not recommended to edit this file directly.
$data merge entity $(bone_head) {transformation: [-0.9872f,-0.0425f,0.1536f,0f,-0.0195f,0.9888f,0.1482f,1.5f,-0.1582f,0.1433f,-0.977f,0f,0f,0f,0f,1f],start_interpolation: 0,interpolation_duration: 1}
$data merge entity $(bone_right_arm) {transformation: [-0.9914f,0.1083f,-0.074f,-0.3125f,0.1281f,0.9208f,-0.3685f,1.375f,0.0283f,-0.3748f,-0.9267f,0f,0f,0f,0f,1f],start_interpolation: 0,interpolation_duration: 1}
$data merge entity $(bone_left_arm) {transformation: [-0.9842f,-0.1606f,0.074f,0.3125f,-0.1762f,0.926f,-0.3339f,1.375f,-0.0149f,-0.3417f,-0.9397f,0f,0f,0f,0f,1f],start_interpolation: 0,interpolation_duration: 1}