# This file was generated by Animated Java via MC-Build. It is not recommended to edit this file directly.
$data merge entity $(bone_head) {transformation: [-0.9837f,-0.0406f,0.175f,0f,-0.017f,0.9907f,0.1348f,1.5f,-0.1789f,0.1296f,-0.9753f,0f,0f,0f,0f,1f],start_interpolation: 0,interpolation_duration: 1}
$data merge entity $(bone_right_arm) {transformation: [-0.9914f,0.1082f,-0.0741f,-0.3125f,0.1281f,0.9206f,-0.369f,1.375f,0.0283f,-0.3753f,-0.9265f,0f,0f,0f,0f,1f],start_interpolation: 0,interpolation_duration: 1}
$data merge entity $(bone_left_arm) {transformation: [-0.9841f,-0.1617f,0.0736f,0.3125f,-0.177f,0.9267f,-0.3315f,1.375f,-0.0146f,-0.3392f,-0.9406f,0f,0f,0f,0f,1f],start_interpolation: 0,interpolation_duration: 1}