# This file was generated by Animated Java via MC-Build. It is not recommended to edit this file directly.
$data merge entity $(bone_head) {transformation: [-0.9798f,-0.0382f,0.1963f,0f,-0.0144f,0.9925f,0.1213f,1.5f,-0.1995f,0.116f,-0.973f,0f,0f,0f,0f,1f],start_interpolation: 0,interpolation_duration: 1}
$data merge entity $(bone_right_arm) {transformation: [-0.9914f,0.1082f,-0.0742f,-0.3125f,0.1281f,0.9205f,-0.3692f,1.375f,0.0284f,-0.3755f,-0.9264f,0f,0f,0f,0f,1f],start_interpolation: 0,interpolation_duration: 1}
$data merge entity $(bone_left_arm) {transformation: [-0.984f,-0.1627f,0.0732f,0.3125f,-0.1778f,0.9274f,-0.3291f,1.375f,-0.0143f,-0.3368f,-0.9415f,0f,0f,0f,0f,1f],start_interpolation: 0,interpolation_duration: 1}