# This file was generated by Animated Java via MC-Build. It is not recommended to edit this file directly.
$data merge entity $(bone_head) {transformation: [-0.9755f,-0.0353f,0.2173f,0f,-0.012f,0.9941f,0.1077f,1.5f,-0.2199f,0.1025f,-0.9701f,0f,0f,0f,0f,1f],start_interpolation: 0,interpolation_duration: 1}
$data merge entity $(bone_right_arm) {transformation: [-0.9914f,0.1088f,-0.0732f,-0.3125f,0.1281f,0.9221f,-0.3652f,1.375f,0.0278f,-0.3714f,-0.928f,0f,0f,0f,0f,1f],start_interpolation: 0,interpolation_duration: 1}
$data merge entity $(bone_left_arm) {transformation: [-0.9838f,-0.1638f,0.0727f,0.3125f,-0.1786f,0.9281f,-0.3266f,1.375f,-0.014f,-0.3343f,-0.9424f,0f,0f,0f,0f,1f],start_interpolation: 0,interpolation_duration: 1}