# This file was generated by Animated Java via MC-Build. It is not recommended to edit this file directly.
$data merge entity $(bone_head) {transformation: [-0.9708f,-0.0318f,0.238f,0f,-0.0095f,0.9955f,0.0942f,1.5f,-0.2399f,0.0892f,-0.9667f,0f,0f,0f,0f,1f],start_interpolation: 0,interpolation_duration: 1}
$data merge entity $(bone_right_arm) {transformation: [-0.9914f,0.1093f,-0.0722f,-0.3125f,0.1282f,0.9236f,-0.3612f,1.375f,0.0272f,-0.3674f,-0.9297f,0f,0f,0f,0f,1f],start_interpolation: 0,interpolation_duration: 1}
$data merge entity $(bone_left_arm) {transformation: [-0.9837f,-0.1648f,0.0723f,0.3125f,-0.1794f,0.9288f,-0.3242f,1.375f,-0.0137f,-0.3319f,-0.9432f,0f,0f,0f,0f,1f],start_interpolation: 0,interpolation_duration: 1}