# This file was generated by Animated Java via MC-Build. It is not recommended to edit this file directly.
$data merge entity $(bone_head) {transformation: [-0.9657f,-0.0279f,0.258f,0f,-0.0072f,0.9967f,0.0809f,1.5f,-0.2594f,0.0763f,-0.9628f,0f,0f,0f,0f,1f],start_interpolation: 0,interpolation_duration: 1}
$data merge entity $(bone_right_arm) {transformation: [-0.9914f,0.1099f,-0.0712f,-0.3125f,0.1282f,0.9252f,-0.3572f,1.375f,0.0266f,-0.3633f,-0.9313f,0f,0f,0f,0f,1f],start_interpolation: 0,interpolation_duration: 1}
$data merge entity $(bone_left_arm) {transformation: [-0.9835f,-0.1659f,0.0719f,0.3125f,-0.1803f,0.9295f,-0.3217f,1.375f,-0.0134f,-0.3294f,-0.9441f,0f,0f,0f,0f,1f],start_interpolation: 0,interpolation_duration: 1}