# This file was generated by Animated Java via MC-Build. It is not recommended to edit this file directly.
$data merge entity $(bone_head) {transformation: [-0.9605f,-0.0236f,0.2773f,0f,-0.0049f,0.9977f,0.0678f,1.5f,-0.2783f,0.0638f,-0.9584f,0f,0f,0f,0f,1f],start_interpolation: 0,interpolation_duration: 1}
$data merge entity $(bone_right_arm) {transformation: [-0.9914f,0.1105f,-0.0702f,-0.3125f,0.1283f,0.9267f,-0.3533f,1.375f,0.026f,-0.3592f,-0.9329f,0f,0f,0f,0f,1f],start_interpolation: 0,interpolation_duration: 1}
$data merge entity $(bone_left_arm) {transformation: [-0.9834f,-0.1669f,0.0714f,0.3125f,-0.1811f,0.9302f,-0.3193f,1.375f,-0.0131f,-0.3269f,-0.945f,0f,0f,0f,0f,1f],start_interpolation: 0,interpolation_duration: 1}