# This file was generated by Animated Java via MC-Build. It is not recommended to edit this file directly.
$data merge entity $(bone_head) {transformation: [-0.9551f,-0.019f,0.2957f,0f,-0.0027f,0.9985f,0.0552f,1.5f,-0.2963f,0.0519f,-0.9537f,0f,0f,0f,0f,1f],start_interpolation: 0,interpolation_duration: 1}
$data merge entity $(bone_right_arm) {transformation: [-0.9914f,0.111f,-0.0692f,-0.3125f,0.1283f,0.9282f,-0.3492f,1.375f,0.0254f,-0.3551f,-0.9345f,0f,0f,0f,0f,1f],start_interpolation: 0,interpolation_duration: 1}
$data merge entity $(bone_left_arm) {transformation: [-0.9832f,-0.1679f,0.071f,0.3125f,-0.1819f,0.9309f,-0.3169f,1.375f,-0.0128f,-0.3245f,-0.9458f,0f,0f,0f,0f,1f],start_interpolation: 0,interpolation_duration: 1}