# This file was generated by Animated Java via MC-Build. It is not recommended to edit this file directly.
$data merge entity $(bone_head) {transformation: [-0.9496f,-0.0141f,0.3132f,0f,-0.0007f,0.9991f,0.043f,1.5f,-0.3135f,0.0406f,-0.9487f,0f,0f,0f,0f,1f],start_interpolation: 0,interpolation_duration: 1}
$data merge entity $(bone_right_arm) {transformation: [-0.9914f,0.1116f,-0.0681f,-0.3125f,0.1284f,0.9297f,-0.3452f,1.375f,0.0248f,-0.351f,-0.936f,0f,0f,0f,0f,1f],start_interpolation: 0,interpolation_duration: 1}
$data merge entity $(bone_left_arm) {transformation: [-0.9831f,-0.169f,0.0705f,0.3125f,-0.1827f,0.9315f,-0.3144f,1.375f,-0.0125f,-0.322f,-0.9467f,0f,0f,0f,0f,1f],start_interpolation: 0,interpolation_duration: 1}