# This file was generated by Animated Java via MC-Build. It is not recommended to edit this file directly.
$data merge entity $(bone_head) {transformation: [-0.9441f,-0.0092f,0.3296f,0f,0.0012f,0.9995f,0.0313f,1.5f,-0.3297f,0.03f,-0.9436f,0f,0f,0f,0f,1f],start_interpolation: 0,interpolation_duration: 1}
$data merge entity $(bone_right_arm) {transformation: [-0.9914f,0.1121f,-0.0671f,-0.3125f,0.1284f,0.9312f,-0.3412f,1.375f,0.0242f,-0.3469f,-0.9376f,0f,0f,0f,0f,1f],start_interpolation: 0,interpolation_duration: 1}
$data merge entity $(bone_left_arm) {transformation: [-0.9829f,-0.17f,0.07f,0.3125f,-0.1835f,0.9322f,-0.312f,1.375f,-0.0122f,-0.3195f,-0.9475f,0f,0f,0f,0f,1f],start_interpolation: 0,interpolation_duration: 1}