# This file was generated by Animated Java via MC-Build. It is not recommended to edit this file directly.
$data merge entity $(bone_head) {transformation: [-0.9996f,-0.0143f,-0.0255f,0f,-0.0161f,0.9971f,0.0745f,1.5f,0.0243f,0.0749f,-0.9969f,0f,0f,0f,0f,1f],start_interpolation: 0,interpolation_duration: 1}
$data merge entity $(bone_right_arm) {transformation: [-0.9915f,0.1248f,-0.0366f,-0.3125f,0.1299f,0.9658f,-0.2244f,1.375f,0.0074f,-0.2272f,-0.9738f,0f,0f,0f,0f,1f],start_interpolation: 0,interpolation_duration: 1}
$data merge entity $(bone_left_arm) {transformation: [-0.9782f,-0.2007f,0.0537f,0.3125f,-0.2078f,0.9488f,-0.2379f,1.375f,-0.0032f,-0.2439f,-0.9698f,0f,0f,0f,0f,1f],start_interpolation: 0,interpolation_duration: 1}