# This file was generated by Animated Java via MC-Build. It is not recommended to edit this file directly.
$data merge entity $(bone_head) {transformation: [-0.9387f,-0.0042f,0.3448f,0f,0.003f,0.9998f,0.0203f,1.5f,-0.3448f,0.0201f,-0.9385f,0f,0f,0f,0f,1f],start_interpolation: 0,interpolation_duration: 1}
$data merge entity $(bone_right_arm) {transformation: [-0.9914f,0.1127f,-0.0661f,-0.3125f,0.1285f,0.9326f,-0.3372f,1.375f,0.0236f,-0.3428f,-0.9391f,0f,0f,0f,0f,1f],start_interpolation: 0,interpolation_duration: 1}
$data merge entity $(bone_left_arm) {transformation: [-0.9828f,-0.1711f,0.0696f,0.3125f,-0.1843f,0.9329f,-0.3096f,1.375f,-0.0119f,-0.317f,-0.9483f,0f,0f,0f,0f,1f],start_interpolation: 0,interpolation_duration: 1}