# This file was generated by Animated Java via MC-Build. It is not recommended to edit this file directly.
$data merge entity $(bone_head) {transformation: [-0.9334f,0.0007f,0.3588f,0f,0.0046f,0.9999f,0.0101f,1.5f,-0.3587f,0.0111f,-0.9334f,0f,0f,0f,0f,1f],start_interpolation: 0,interpolation_duration: 1}
$data merge entity $(bone_right_arm) {transformation: [-0.9914f,0.1132f,-0.0651f,-0.3125f,0.1285f,0.9341f,-0.3332f,1.375f,0.023f,-0.3387f,-0.9406f,0f,0f,0f,0f,1f],start_interpolation: 0,interpolation_duration: 1}
$data merge entity $(bone_left_arm) {transformation: [-0.9827f,-0.1721f,0.0691f,0.3125f,-0.1851f,0.9335f,-0.3071f,1.375f,-0.0116f,-0.3146f,-0.9492f,0f,0f,0f,0f,1f],start_interpolation: 0,interpolation_duration: 1}