# This file was generated by Animated Java via MC-Build. It is not recommended to edit this file directly.
$data merge entity $(bone_head) {transformation: [-0.9285f,0.0054f,0.3714f,0f,0.0061f,1f,0.0007f,1.5f,-0.3714f,0.0029f,-0.9285f,0f,0f,0f,0f,1f],start_interpolation: 0,interpolation_duration: 1}
$data merge entity $(bone_right_arm) {transformation: [-0.9914f,0.1137f,-0.064f,-0.3125f,0.1286f,0.9355f,-0.3291f,1.375f,0.0225f,-0.3346f,-0.9421f,0f,0f,0f,0f,1f],start_interpolation: 0,interpolation_duration: 1}
$data merge entity $(bone_left_arm) {transformation: [-0.9825f,-0.1731f,0.0686f,0.3125f,-0.1859f,0.9341f,-0.3047f,1.375f,-0.0113f,-0.3121f,-0.95f,0f,0f,0f,0f,1f],start_interpolation: 0,interpolation_duration: 1}