# This file was generated by Animated Java via MC-Build. It is not recommended to edit this file directly.
$data merge entity $(bone_head) {transformation: [-0.9238f,0.0098f,0.3826f,0f,0.0074f,0.9999f,-0.0078f,1.5f,-0.3827f,-0.0043f,-0.9239f,0f,0f,0f,0f,1f],start_interpolation: 0,interpolation_duration: 1}
$data merge entity $(bone_right_arm) {transformation: [-0.9915f,0.1143f,-0.063f,-0.3125f,0.1286f,0.9369f,-0.3251f,1.375f,0.0219f,-0.3304f,-0.9436f,0f,0f,0f,0f,1f],start_interpolation: 0,interpolation_duration: 1}
$data merge entity $(bone_left_arm) {transformation: [-0.9824f,-0.1742f,0.0681f,0.3125f,-0.1867f,0.9348f,-0.3022f,1.375f,-0.011f,-0.3096f,-0.9508f,0f,0f,0f,0f,1f],start_interpolation: 0,interpolation_duration: 1}