# This file was generated by Animated Java via MC-Build. It is not recommended to edit this file directly.
$data merge entity $(bone_head) {transformation: [-0.9197f,0.0139f,0.3925f,0f,0.0086f,0.9998f,-0.0153f,1.5f,-0.3926f,-0.0107f,-0.9196f,0f,0f,0f,0f,1f],start_interpolation: 0,interpolation_duration: 1}
$data merge entity $(bone_right_arm) {transformation: [-0.9915f,0.1148f,-0.0619f,-0.3125f,0.1287f,0.9383f,-0.3211f,1.375f,0.0213f,-0.3263f,-0.945f,0f,0f,0f,0f,1f],start_interpolation: 0,interpolation_duration: 1}
$data merge entity $(bone_left_arm) {transformation: [-0.9822f,-0.1752f,0.0676f,0.3125f,-0.1875f,0.9354f,-0.2998f,1.375f,-0.0107f,-0.3071f,-0.9516f,0f,0f,0f,0f,1f],start_interpolation: 0,interpolation_duration: 1}