# This file was generated by Animated Java via MC-Build. It is not recommended to edit this file directly.
$data merge entity $(bone_head) {transformation: [-0.916f,0.0174f,0.4008f,0f,0.0095f,0.9997f,-0.0217f,1.5f,-0.4011f,-0.0161f,-0.9159f,0f,0f,0f,0f,1f],start_interpolation: 0,interpolation_duration: 1}
$data merge entity $(bone_right_arm) {transformation: [-0.9915f,0.1153f,-0.0609f,-0.3125f,0.1287f,0.9396f,-0.317f,1.375f,0.0207f,-0.3221f,-0.9465f,0f,0f,0f,0f,1f],start_interpolation: 0,interpolation_duration: 1}
$data merge entity $(bone_left_arm) {transformation: [-0.9821f,-0.1763f,0.0671f,0.3125f,-0.1883f,0.936f,-0.2973f,1.375f,-0.0104f,-0.3046f,-0.9524f,0f,0f,0f,0f,1f],start_interpolation: 0,interpolation_duration: 1}