# This file was generated by Animated Java via MC-Build. It is not recommended to edit this file directly.
$data merge entity $(bone_head) {transformation: [-0.9129f,0.0205f,0.4077f,0f,0.0103f,0.9996f,-0.0271f,1.5f,-0.4081f,-0.0205f,-0.9127f,0f,0f,0f,0f,1f],start_interpolation: 0,interpolation_duration: 1}
$data merge entity $(bone_right_arm) {transformation: [-0.9915f,0.1158f,-0.0599f,-0.3125f,0.1288f,0.941f,-0.313f,1.375f,0.0201f,-0.318f,-0.9479f,0f,0f,0f,0f,1f],start_interpolation: 0,interpolation_duration: 1}
$data merge entity $(bone_left_arm) {transformation: [-0.9819f,-0.1773f,0.0666f,0.3125f,-0.1891f,0.9366f,-0.2949f,1.375f,-0.0101f,-0.3022f,-0.9532f,0f,0f,0f,0f,1f],start_interpolation: 0,interpolation_duration: 1}