# This file was generated by Animated Java via MC-Build. It is not recommended to edit this file directly.
$data merge entity $(bone_head) {transformation: [-0.9104f,0.0229f,0.413f,0f,0.0109f,0.9995f,-0.0313f,1.5f,-0.4135f,-0.0239f,-0.9102f,0f,0f,0f,0f,1f],start_interpolation: 0,interpolation_duration: 1}
$data merge entity $(bone_right_arm) {transformation: [-0.9915f,0.1163f,-0.0588f,-0.3125f,0.1288f,0.9423f,-0.3089f,1.375f,0.0195f,-0.3138f,-0.9493f,0f,0f,0f,0f,1f],start_interpolation: 0,interpolation_duration: 1}
$data merge entity $(bone_left_arm) {transformation: [-0.9817f,-0.1783f,0.0661f,0.3125f,-0.1899f,0.9372f,-0.2924f,1.375f,-0.0098f,-0.2997f,-0.954f,0f,0f,0f,0f,1f],start_interpolation: 0,interpolation_duration: 1}