# This file was generated by Animated Java via MC-Build. It is not recommended to edit this file directly.
$data merge entity $(bone_head) {transformation: [-0.9086f,0.0247f,0.4169f,0f,0.0114f,0.9993f,-0.0343f,1.5f,-0.4175f,-0.0264f,-0.9083f,0f,0f,0f,0f,1f],start_interpolation: 0,interpolation_duration: 1}
$data merge entity $(bone_right_arm) {transformation: [-0.9915f,0.1168f,-0.0578f,-0.3125f,0.1289f,0.9436f,-0.3048f,1.375f,0.0189f,-0.3097f,-0.9507f,0f,0f,0f,0f,1f],start_interpolation: 0,interpolation_duration: 1}
$data merge entity $(bone_left_arm) {transformation: [-0.9816f,-0.1793f,0.0656f,0.3125f,-0.1907f,0.9378f,-0.29f,1.375f,-0.0095f,-0.2972f,-0.9548f,0f,0f,0f,0f,1f],start_interpolation: 0,interpolation_duration: 1}