# This file was generated by Animated Java via MC-Build. It is not recommended to edit this file directly.
$data merge entity $(bone_head) {transformation: [-0.9075f,0.0257f,0.4192f,0f,0.0117f,0.9993f,-0.0361f,1.5f,-0.4198f,-0.0279f,-0.9072f,0f,0f,0f,0f,1f],start_interpolation: 0,interpolation_duration: 1}
$data merge entity $(bone_right_arm) {transformation: [-0.9915f,0.1172f,-0.0567f,-0.3125f,0.1289f,0.9449f,-0.3008f,1.375f,0.0183f,-0.3055f,-0.952f,0f,0f,0f,0f,1f],start_interpolation: 0,interpolation_duration: 1}
$data merge entity $(bone_left_arm) {transformation: [-0.9814f,-0.1804f,0.0651f,0.3125f,-0.1915f,0.9384f,-0.2875f,1.375f,-0.0092f,-0.2947f,-0.9556f,0f,0f,0f,0f,1f],start_interpolation: 0,interpolation_duration: 1}