# This file was generated by Animated Java via MC-Build. It is not recommended to edit this file directly.
$data merge entity $(bone_head) {transformation: [-0.9985f,-0.0145f,-0.0533f,0f,-0.0177f,0.998f,0.0599f,1.5f,0.0524f,0.0608f,-0.9968f,0f,0f,0f,0f,1f],start_interpolation: 0,interpolation_duration: 1}
$data merge entity $(bone_right_arm) {transformation: [-0.9915f,0.1243f,-0.0382f,-0.3125f,0.1298f,0.9644f,-0.2303f,1.375f,0.0082f,-0.2333f,-0.9724f,0f,0f,0f,0f,1f],start_interpolation: 0,interpolation_duration: 1}
$data merge entity $(bone_left_arm) {transformation: [-0.9784f,-0.1995f,0.0545f,0.3125f,-0.2068f,0.9482f,-0.241f,1.375f,-0.0036f,-0.2471f,-0.969f,0f,0f,0f,0f,1f],start_interpolation: 0,interpolation_duration: 1}