# This file was generated by Animated Java via MC-Build. It is not recommended to edit this file directly.
$data merge entity $(bone_head) {transformation: [-0.9072f,0.0261f,0.42f,0f,0.0117f,0.9993f,-0.0367f,1.5f,-0.4206f,-0.0284f,-0.9068f,0f,0f,0f,0f,1f],start_interpolation: 0,interpolation_duration: 1}
$data merge entity $(bone_right_arm) {transformation: [-0.9915f,0.1177f,-0.0556f,-0.3125f,0.129f,0.9462f,-0.2967f,1.375f,0.0177f,-0.3013f,-0.9534f,0f,0f,0f,0f,1f],start_interpolation: 0,interpolation_duration: 1}
$data merge entity $(bone_left_arm) {transformation: [-0.9813f,-0.1814f,0.0646f,0.3125f,-0.1923f,0.939f,-0.2851f,1.375f,-0.009f,-0.2922f,-0.9563f,0f,0f,0f,0f,1f],start_interpolation: 0,interpolation_duration: 1}