# This file was generated by Animated Java via MC-Build. It is not recommended to edit this file directly.
$data merge entity $(bone_head) {transformation: [-0.9074f,0.0258f,0.4195f,0f,0.0117f,0.9993f,-0.036f,1.5f,-0.4202f,-0.0278f,-0.907f,0f,0f,0f,0f,1f],start_interpolation: 0,interpolation_duration: 1}
$data merge entity $(bone_right_arm) {transformation: [-0.9915f,0.1182f,-0.0546f,-0.3125f,0.129f,0.9475f,-0.2926f,1.375f,0.0171f,-0.2971f,-0.9547f,0f,0f,0f,0f,1f],start_interpolation: 0,interpolation_duration: 1}
$data merge entity $(bone_left_arm) {transformation: [-0.9811f,-0.1824f,0.0641f,0.3125f,-0.1932f,0.9396f,-0.2826f,1.375f,-0.0087f,-0.2897f,-0.9571f,0f,0f,0f,0f,1f],start_interpolation: 0,interpolation_duration: 1}