# This file was generated by Animated Java via MC-Build. It is not recommended to edit this file directly.
$data merge entity $(bone_head) {transformation: [-0.908f,0.0248f,0.4183f,0f,0.0116f,0.9994f,-0.0339f,1.5f,-0.4189f,-0.0259f,-0.9077f,0f,0f,0f,0f,1f],start_interpolation: 0,interpolation_duration: 1}
$data merge entity $(bone_right_arm) {transformation: [-0.9915f,0.1186f,-0.0535f,-0.3125f,0.1291f,0.9487f,-0.2885f,1.375f,0.0165f,-0.293f,-0.956f,0f,0f,0f,0f,1f],start_interpolation: 0,interpolation_duration: 1}
$data merge entity $(bone_left_arm) {transformation: [-0.981f,-0.1834f,0.0636f,0.3125f,-0.194f,0.9401f,-0.2802f,1.375f,-0.0084f,-0.2872f,-0.9578f,0f,0f,0f,0f,1f],start_interpolation: 0,interpolation_duration: 1}