# This file was generated by Animated Java via MC-Build. It is not recommended to edit this file directly.
$data merge entity $(bone_head) {transformation: [-0.9089f,0.0231f,0.4163f,0f,0.0115f,0.9995f,-0.0305f,1.5f,-0.4168f,-0.0229f,-0.9087f,0f,0f,0f,0f,1f],start_interpolation: 0,interpolation_duration: 1}
$data merge entity $(bone_right_arm) {transformation: [-0.9915f,0.1191f,-0.0525f,-0.3125f,0.1292f,0.95f,-0.2844f,1.375f,0.016f,-0.2888f,-0.9573f,0f,0f,0f,0f,1f],start_interpolation: 0,interpolation_duration: 1}
$data merge entity $(bone_left_arm) {transformation: [-0.9808f,-0.1845f,0.063f,0.3125f,-0.1948f,0.9407f,-0.2777f,1.375f,-0.0081f,-0.2847f,-0.9586f,0f,0f,0f,0f,1f],start_interpolation: 0,interpolation_duration: 1}