# This file was generated by Animated Java via MC-Build. It is not recommended to edit this file directly.
$data merge entity $(bone_head) {transformation: [-0.9103f,0.0209f,0.4135f,0f,0.0113f,0.9996f,-0.0256f,1.5f,-0.4138f,-0.0187f,-0.9102f,0f,0f,0f,0f,1f],start_interpolation: 0,interpolation_duration: 1}
$data merge entity $(bone_right_arm) {transformation: [-0.9915f,0.1195f,-0.0514f,-0.3125f,0.1292f,0.9512f,-0.2803f,1.375f,0.0154f,-0.2846f,-0.9585f,0f,0f,0f,0f,1f],start_interpolation: 0,interpolation_duration: 1}
$data merge entity $(bone_left_arm) {transformation: [-0.9807f,-0.1855f,0.0625f,0.3125f,-0.1956f,0.9413f,-0.2753f,1.375f,-0.0078f,-0.2822f,-0.9593f,0f,0f,0f,0f,1f],start_interpolation: 0,interpolation_duration: 1}