# This file was generated by Animated Java via MC-Build. It is not recommended to edit this file directly.
$data merge entity $(bone_head) {transformation: [-0.912f,0.0181f,0.4099f,0f,0.011f,0.9997f,-0.0195f,1.5f,-0.4101f,-0.0133f,-0.9119f,0f,0f,0f,0f,1f],start_interpolation: 0,interpolation_duration: 1}
$data merge entity $(bone_right_arm) {transformation: [-0.9915f,0.12f,-0.0503f,-0.3125f,0.1293f,0.9524f,-0.2762f,1.375f,0.0148f,-0.2804f,-0.9598f,0f,0f,0f,0f,1f],start_interpolation: 0,interpolation_duration: 1}
$data merge entity $(bone_left_arm) {transformation: [-0.9805f,-0.1865f,0.0619f,0.3125f,-0.1964f,0.9418f,-0.2728f,1.375f,-0.0075f,-0.2797f,-0.9601f,0f,0f,0f,0f,1f],start_interpolation: 0,interpolation_duration: 1}