# This file was generated by Animated Java via MC-Build. It is not recommended to edit this file directly.
$data merge entity $(bone_head) {transformation: [-0.914f,0.0147f,0.4055f,0f,0.0107f,0.9999f,-0.0122f,1.5f,-0.4056f,-0.0068f,-0.914f,0f,0f,0f,0f,1f],start_interpolation: 0,interpolation_duration: 1}
$data merge entity $(bone_right_arm) {transformation: [-0.9915f,0.1204f,-0.0492f,-0.3125f,0.1293f,0.9535f,-0.2721f,1.375f,0.0142f,-0.2762f,-0.961f,0f,0f,0f,0f,1f],start_interpolation: 0,interpolation_duration: 1}
$data merge entity $(bone_left_arm) {transformation: [-0.9803f,-0.1875f,0.0614f,0.3125f,-0.1972f,0.9423f,-0.2704f,1.375f,-0.0072f,-0.2772f,-0.9608f,0f,0f,0f,0f,1f],start_interpolation: 0,interpolation_duration: 1}