# This file was generated by Animated Java via MC-Build. It is not recommended to edit this file directly.
$data merge entity $(bone_head) {transformation: [-0.9163f,0.011f,0.4004f,0f,0.0103f,0.9999f,-0.0038f,1.5f,-0.4004f,0.0007f,-0.9163f,0f,0f,0f,0f,1f],start_interpolation: 0,interpolation_duration: 1}
$data merge entity $(bone_right_arm) {transformation: [-0.9915f,0.1208f,-0.0482f,-0.3125f,0.1294f,0.9547f,-0.268f,1.375f,0.0136f,-0.2719f,-0.9622f,0f,0f,0f,0f,1f],start_interpolation: 0,interpolation_duration: 1}
$data merge entity $(bone_left_arm) {transformation: [-0.9802f,-0.1885f,0.0608f,0.3125f,-0.198f,0.9429f,-0.2679f,1.375f,-0.0069f,-0.2747f,-0.9615f,0f,0f,0f,0f,1f],start_interpolation: 0,interpolation_duration: 1}