# This file was generated by Animated Java via MC-Build. It is not recommended to edit this file directly.
$data merge entity $(bone_head) {transformation: [-0.9188f,0.0069f,0.3946f,0f,0.0099f,0.9999f,0.0057f,1.5f,-0.3946f,0.0092f,-0.9188f,0f,0f,0f,0f,1f],start_interpolation: 0,interpolation_duration: 1}
$data merge entity $(bone_right_arm) {transformation: [-0.9915f,0.1212f,-0.0471f,-0.3125f,0.1294f,0.9558f,-0.2639f,1.375f,0.013f,-0.2677f,-0.9634f,0f,0f,0f,0f,1f],start_interpolation: 0,interpolation_duration: 1}
$data merge entity $(bone_left_arm) {transformation: [-0.98f,-0.1895f,0.0603f,0.3125f,-0.1988f,0.9434f,-0.2655f,1.375f,-0.0066f,-0.2721f,-0.9622f,0f,0f,0f,0f,1f],start_interpolation: 0,interpolation_duration: 1}