# This file was generated by Animated Java via MC-Build. It is not recommended to edit this file directly.
$data merge entity $(bone_head) {transformation: [-0.9216f,0.0025f,0.3882f,0f,0.0095f,0.9998f,0.0161f,1.5f,-0.3881f,0.0185f,-0.9214f,0f,0f,0f,0f,1f],start_interpolation: 0,interpolation_duration: 1}
$data merge entity $(bone_right_arm) {transformation: [-0.9915f,0.1217f,-0.046f,-0.3125f,0.1295f,0.957f,-0.2597f,1.375f,0.0124f,-0.2635f,-0.9646f,0f,0f,0f,0f,1f],start_interpolation: 0,interpolation_duration: 1}
$data merge entity $(bone_left_arm) {transformation: [-0.9799f,-0.1905f,0.0597f,0.3125f,-0.1996f,0.9439f,-0.263f,1.375f,-0.0063f,-0.2696f,-0.9629f,0f,0f,0f,0f,1f],start_interpolation: 0,interpolation_duration: 1}