# This file was generated by Animated Java via MC-Build. It is not recommended to edit this file directly.
$data merge entity $(bone_head) {transformation: [-0.9966f,-0.0155f,-0.0809f,0f,-0.0192f,0.9988f,0.0454f,1.5f,0.0801f,0.0468f,-0.9957f,0f,0f,0f,0f,1f],start_interpolation: 0,interpolation_duration: 1}
$data merge entity $(bone_right_arm) {transformation: [-0.9915f,0.1238f,-0.0398f,-0.3125f,0.1297f,0.9629f,-0.2365f,1.375f,0.0091f,-0.2396f,-0.9708f,0f,0f,0f,0f,1f],start_interpolation: 0,interpolation_duration: 1}
$data merge entity $(bone_left_arm) {transformation: [-0.9786f,-0.1982f,0.0553f,0.3125f,-0.2057f,0.9476f,-0.2443f,1.375f,-0.004f,-0.2504f,-0.9681f,0f,0f,0f,0f,1f],start_interpolation: 0,interpolation_duration: 1}