# This file was generated by Animated Java via MC-Build. It is not recommended to edit this file directly.
$data merge entity $(bone_head) {transformation: [-0.9245f,-0.0021f,0.3812f,0f,0.009f,0.9996f,0.0274f,1.5f,-0.3811f,0.0287f,-0.9241f,0f,0f,0f,0f,1f],start_interpolation: 0,interpolation_duration: 1}
$data merge entity $(bone_right_arm) {transformation: [-0.9915f,0.1221f,-0.0449f,-0.3125f,0.1295f,0.9581f,-0.2556f,1.375f,0.0118f,-0.2593f,-0.9657f,0f,0f,0f,0f,1f],start_interpolation: 0,interpolation_duration: 1}
$data merge entity $(bone_left_arm) {transformation: [-0.9797f,-0.1916f,0.0592f,0.3125f,-0.2004f,0.9444f,-0.2605f,1.375f,-0.006f,-0.2671f,-0.9636f,0f,0f,0f,0f,1f],start_interpolation: 0,interpolation_duration: 1}