# This file was generated by Animated Java via MC-Build. It is not recommended to edit this file directly.
$data merge entity $(bone_head) {transformation: [-0.9275f,-0.0069f,0.3737f,0f,0.0084f,0.9992f,0.0393f,1.5f,-0.3737f,0.0396f,-0.9267f,0f,0f,0f,0f,1f],start_interpolation: 0,interpolation_duration: 1}
$data merge entity $(bone_right_arm) {transformation: [-0.9915f,0.1224f,-0.0438f,-0.3125f,0.1296f,0.9592f,-0.2515f,1.375f,0.0112f,-0.255f,-0.9669f,0f,0f,0f,0f,1f],start_interpolation: 0,interpolation_duration: 1}
$data merge entity $(bone_left_arm) {transformation: [-0.9795f,-0.1926f,0.0586f,0.3125f,-0.2012f,0.9449f,-0.2581f,1.375f,-0.0057f,-0.2646f,-0.9643f,0f,0f,0f,0f,1f],start_interpolation: 0,interpolation_duration: 1}