# This file was generated by Animated Java via MC-Build. It is not recommended to edit this file directly.
$data merge entity $(bone_head) {transformation: [-0.9306f,-0.0116f,0.3658f,0f,0.0079f,0.9986f,0.0518f,1.5f,-0.3659f,0.0511f,-0.9293f,0f,0f,0f,0f,1f],start_interpolation: 0,interpolation_duration: 1}
$data merge entity $(bone_right_arm) {transformation: [-0.9915f,0.1228f,-0.0427f,-0.3125f,0.1296f,0.9602f,-0.2473f,1.375f,0.0106f,-0.2508f,-0.968f,0f,0f,0f,0f,1f],start_interpolation: 0,interpolation_duration: 1}
$data merge entity $(bone_left_arm) {transformation: [-0.9794f,-0.1936f,0.058f,0.3125f,-0.202f,0.9454f,-0.2556f,1.375f,-0.0054f,-0.2621f,-0.965f,0f,0f,0f,0f,1f],start_interpolation: 0,interpolation_duration: 1}