# This file was generated by Animated Java via MC-Build. It is not recommended to edit this file directly.
$data merge entity $(bone_head) {transformation: [-0.9338f,-0.0163f,0.3575f,0f,0.0073f,0.9979f,0.0647f,1.5f,-0.3578f,0.063f,-0.9317f,0f,0f,0f,0f,1f],start_interpolation: 0,interpolation_duration: 1}
$data merge entity $(bone_right_arm) {transformation: [-0.9915f,0.1232f,-0.0416f,-0.3125f,0.1297f,0.9613f,-0.2432f,1.375f,0.01f,-0.2465f,-0.9691f,0f,0f,0f,0f,1f],start_interpolation: 0,interpolation_duration: 1}
$data merge entity $(bone_left_arm) {transformation: [-0.9792f,-0.1946f,0.0574f,0.3125f,-0.2028f,0.9459f,-0.2532f,1.375f,-0.0051f,-0.2596f,-0.9657f,0f,0f,0f,0f,1f],start_interpolation: 0,interpolation_duration: 1}