# This file was generated by Animated Java via MC-Build. It is not recommended to edit this file directly.
$data merge entity $(bone_head) {transformation: [-0.9369f,-0.0209f,0.3489f,0f,0.0067f,0.9969f,0.0778f,1.5f,-0.3494f,0.0752f,-0.9339f,0f,0f,0f,0f,1f],start_interpolation: 0,interpolation_duration: 1}
$data merge entity $(bone_right_arm) {transformation: [-0.9915f,0.1236f,-0.0405f,-0.3125f,0.1297f,0.9623f,-0.239f,1.375f,0.0095f,-0.2423f,-0.9702f,0f,0f,0f,0f,1f],start_interpolation: 0,interpolation_duration: 1}
$data merge entity $(bone_left_arm) {transformation: [-0.979f,-0.1956f,0.0569f,0.3125f,-0.2036f,0.9464f,-0.2507f,1.375f,-0.0048f,-0.257f,-0.9664f,0f,0f,0f,0f,1f],start_interpolation: 0,interpolation_duration: 1}