# This file was generated by Animated Java via MC-Build. It is not recommended to edit this file directly.
$data merge entity $(bone_head) {transformation: [-0.9401f,-0.0254f,0.3401f,0f,0.0061f,0.9958f,0.0911f,1.5f,-0.341f,0.0877f,-0.936f,0f,0f,0f,0f,1f],start_interpolation: 0,interpolation_duration: 1}
$data merge entity $(bone_right_arm) {transformation: [-0.9915f,0.124f,-0.0394f,-0.3125f,0.1298f,0.9633f,-0.2349f,1.375f,0.0089f,-0.238f,-0.9712f,0f,0f,0f,0f,1f],start_interpolation: 0,interpolation_duration: 1}
$data merge entity $(bone_left_arm) {transformation: [-0.9789f,-0.1966f,0.0563f,0.3125f,-0.2044f,0.9469f,-0.2483f,1.375f,-0.0045f,-0.2545f,-0.9671f,0f,0f,0f,0f,1f],start_interpolation: 0,interpolation_duration: 1}