# This file was generated by Animated Java via MC-Build. It is not recommended to edit this file directly.
$data merge entity $(bone_head) {transformation: [-0.9431f,-0.0296f,0.3312f,0f,0.0055f,0.9945f,0.1043f,1.5f,-0.3325f,0.1002f,-0.9378f,0f,0f,0f,0f,1f],start_interpolation: 0,interpolation_duration: 1}
$data merge entity $(bone_right_arm) {transformation: [-0.9915f,0.1243f,-0.0383f,-0.3125f,0.1298f,0.9643f,-0.2307f,1.375f,0.0083f,-0.2338f,-0.9723f,0f,0f,0f,0f,1f],start_interpolation: 0,interpolation_duration: 1}
$data merge entity $(bone_left_arm) {transformation: [-0.9787f,-0.1976f,0.0557f,0.3125f,-0.2052f,0.9474f,-0.2458f,1.375f,-0.0042f,-0.252f,-0.9677f,0f,0f,0f,0f,1f],start_interpolation: 0,interpolation_duration: 1}