# This file was generated by Animated Java via MC-Build. It is not recommended to edit this file directly.
$data merge entity $(bone_head) {transformation: [-0.946f,-0.0335f,0.3224f,0f,0.0049f,0.9931f,0.1174f,1.5f,-0.3241f,0.1127f,-0.9393f,0f,0f,0f,0f,1f],start_interpolation: 0,interpolation_duration: 1}
$data merge entity $(bone_right_arm) {transformation: [-0.9915f,0.1247f,-0.0372f,-0.3125f,0.1299f,0.9653f,-0.2266f,1.375f,0.0077f,-0.2295f,-0.9733f,0f,0f,0f,0f,1f],start_interpolation: 0,interpolation_duration: 1}
$data merge entity $(bone_left_arm) {transformation: [-0.9785f,-0.1986f,0.0551f,0.3125f,-0.206f,0.9478f,-0.2433f,1.375f,-0.0039f,-0.2495f,-0.9684f,0f,0f,0f,0f,1f],start_interpolation: 0,interpolation_duration: 1}