# This file was generated by Animated Java via MC-Build. It is not recommended to edit this file directly.
$data merge entity $(bone_head) {transformation: [-0.9488f,-0.0371f,0.3137f,0f,0.0042f,0.9915f,0.1302f,1.5f,-0.3158f,0.1249f,-0.9406f,0f,0f,0f,0f,1f],start_interpolation: 0,interpolation_duration: 1}
$data merge entity $(bone_right_arm) {transformation: [-0.9915f,0.125f,-0.0361f,-0.3125f,0.1299f,0.9663f,-0.2224f,1.375f,0.0071f,-0.2252f,-0.9743f,0f,0f,0f,0f,1f],start_interpolation: 0,interpolation_duration: 1}
$data merge entity $(bone_left_arm) {transformation: [-0.9784f,-0.1996f,0.0545f,0.3125f,-0.2068f,0.9483f,-0.2409f,1.375f,-0.0036f,-0.2469f,-0.969f,0f,0f,0f,0f,1f],start_interpolation: 0,interpolation_duration: 1}