# This file was generated by Animated Java via MC-Build. It is not recommended to edit this file directly.
$data merge entity $(bone_head) {transformation: [-0.9514f,-0.0404f,0.3052f,0f,0.0037f,0.9898f,0.1425f,1.5f,-0.3078f,0.1367f,-0.9416f,0f,0f,0f,0f,1f],start_interpolation: 0,interpolation_duration: 1}
$data merge entity $(bone_right_arm) {transformation: [-0.9915f,0.1253f,-0.035f,-0.3125f,0.13f,0.9672f,-0.2183f,1.375f,0.0065f,-0.2209f,-0.9753f,0f,0f,0f,0f,1f],start_interpolation: 0,interpolation_duration: 1}
$data merge entity $(bone_left_arm) {transformation: [-0.9782f,-0.2005f,0.0539f,0.3125f,-0.2076f,0.9487f,-0.2384f,1.375f,-0.0033f,-0.2444f,-0.9697f,0f,0f,0f,0f,1f],start_interpolation: 0,interpolation_duration: 1}