# This file was generated by Animated Java via MC-Build. It is not recommended to edit this file directly.
$data merge entity $(bone_head) {transformation: [-0.994f,-0.0173f,-0.1078f,0f,-0.0207f,0.9993f,0.0311f,1.5f,0.1072f,0.0332f,-0.9937f,0f,0f,0f,0f,1f],start_interpolation: 0,interpolation_duration: 1}
$data merge entity $(bone_right_arm) {transformation: [-0.9915f,0.1233f,-0.0415f,-0.3125f,0.1297f,0.9614f,-0.2427f,1.375f,0.01f,-0.2461f,-0.9692f,0f,0f,0f,0f,1f],start_interpolation: 0,interpolation_duration: 1}
$data merge entity $(bone_left_arm) {transformation: [-0.9788f,-0.1968f,0.0561f,0.3125f,-0.2046f,0.947f,-0.2476f,1.375f,-0.0044f,-0.2539f,-0.9672f,0f,0f,0f,0f,1f],start_interpolation: 0,interpolation_duration: 1}