# This file was generated by Animated Java via MC-Build. It is not recommended to edit this file directly.
$data merge entity $(bone_head) {transformation: [-0.9539f,-0.0434f,0.297f,0f,0.0031f,0.988f,0.1542f,1.5f,-0.3002f,0.148f,-0.9423f,0f,0f,0f,0f,1f],start_interpolation: 0,interpolation_duration: 1}
$data merge entity $(bone_right_arm) {transformation: [-0.9915f,0.1257f,-0.0339f,-0.3125f,0.13f,0.9681f,-0.2141f,1.375f,0.0059f,-0.2167f,-0.9762f,0f,0f,0f,0f,1f],start_interpolation: 0,interpolation_duration: 1}
$data merge entity $(bone_left_arm) {transformation: [-0.978f,-0.2015f,0.0532f,0.3125f,-0.2084f,0.9492f,-0.2359f,1.375f,-0.003f,-0.2419f,-0.9703f,0f,0f,0f,0f,1f],start_interpolation: 0,interpolation_duration: 1}