# This file was generated by Animated Java via MC-Build. It is not recommended to edit this file directly.
$data merge entity $(bone_head) {transformation: [-0.9561f,-0.046f,0.2893f,0f,0.0026f,0.9863f,0.1652f,1.5f,-0.293f,0.1587f,-0.9429f,0f,0f,0f,0f,1f],start_interpolation: 0,interpolation_duration: 1}
$data merge entity $(bone_right_arm) {transformation: [-0.9915f,0.126f,-0.0328f,-0.3125f,0.1301f,0.969f,-0.2099f,1.375f,0.0053f,-0.2124f,-0.9772f,0f,0f,0f,0f,1f],start_interpolation: 0,interpolation_duration: 1}
$data merge entity $(bone_left_arm) {transformation: [-0.9779f,-0.2025f,0.0526f,0.3125f,-0.2092f,0.9496f,-0.2335f,1.375f,-0.0027f,-0.2393f,-0.9709f,0f,0f,0f,0f,1f],start_interpolation: 0,interpolation_duration: 1}