# This file was generated by Animated Java via MC-Build. It is not recommended to edit this file directly.
$data merge entity $(bone_head) {transformation: [-0.9582f,-0.0483f,0.2822f,0f,0.0021f,0.9845f,0.1754f,1.5f,-0.2862f,0.1686f,-0.9432f,0f,0f,0f,0f,1f],start_interpolation: 0,interpolation_duration: 1}
$data merge entity $(bone_right_arm) {transformation: [-0.9915f,0.1263f,-0.0317f,-0.3125f,0.1301f,0.9699f,-0.2057f,1.375f,0.0047f,-0.2081f,-0.9781f,0f,0f,0f,0f,1f],start_interpolation: 0,interpolation_duration: 1}
$data merge entity $(bone_left_arm) {transformation: [-0.9777f,-0.2035f,0.052f,0.3125f,-0.21f,0.95f,-0.231f,1.375f,-0.0024f,-0.2368f,-0.9716f,0f,0f,0f,0f,1f],start_interpolation: 0,interpolation_duration: 1}