# This file was generated by Animated Java via MC-Build. It is not recommended to edit this file directly.
$data merge entity $(bone_head) {transformation: [-0.96f,-0.0502f,0.2756f,0f,0.0016f,0.9828f,0.1846f,1.5f,-0.2801f,0.1776f,-0.9434f,0f,0f,0f,0f,1f],start_interpolation: 0,interpolation_duration: 1}
$data merge entity $(bone_right_arm) {transformation: [-0.9915f,0.1266f,-0.0305f,-0.3125f,0.1302f,0.9708f,-0.2015f,1.375f,0.0041f,-0.2038f,-0.979f,0f,0f,0f,0f,1f],start_interpolation: 0,interpolation_duration: 1}
$data merge entity $(bone_left_arm) {transformation: [-0.9775f,-0.2045f,0.0514f,0.3125f,-0.2108f,0.9504f,-0.2286f,1.375f,-0.0021f,-0.2343f,-0.9722f,0f,0f,0f,0f,1f],start_interpolation: 0,interpolation_duration: 1}