# This file was generated by Animated Java via MC-Build. It is not recommended to edit this file directly.
$data merge entity $(bone_head) {transformation: [-0.9615f,-0.0518f,0.2697f,0f,0.0012f,0.9812f,0.1928f,1.5f,-0.2747f,0.1857f,-0.9434f,0f,0f,0f,0f,1f],start_interpolation: 0,interpolation_duration: 1}
$data merge entity $(bone_right_arm) {transformation: [-0.9915f,0.1269f,-0.0294f,-0.3125f,0.1302f,0.9716f,-0.1974f,1.375f,0.0035f,-0.1995f,-0.9799f,0f,0f,0f,0f,1f],start_interpolation: 0,interpolation_duration: 1}
$data merge entity $(bone_left_arm) {transformation: [-0.9773f,-0.2055f,0.0507f,0.3125f,-0.2116f,0.9508f,-0.2261f,1.375f,-0.0018f,-0.2317f,-0.9728f,0f,0f,0f,0f,1f],start_interpolation: 0,interpolation_duration: 1}