# This file was generated by Animated Java via MC-Build. It is not recommended to edit this file directly.
$data merge entity $(bone_head) {transformation: [-0.9629f,-0.0532f,0.2647f,0f,0.0008f,0.9798f,0.1999f,1.5f,-0.27f,0.1927f,-0.9434f,0f,0f,0f,0f,1f],start_interpolation: 0,interpolation_duration: 1}
$data merge entity $(bone_right_arm) {transformation: [-0.9915f,0.1272f,-0.0283f,-0.3125f,0.1303f,0.9725f,-0.1932f,1.375f,0.003f,-0.1952f,-0.9808f,0f,0f,0f,0f,1f],start_interpolation: 0,interpolation_duration: 1}
$data merge entity $(bone_left_arm) {transformation: [-0.9772f,-0.2064f,0.0501f,0.3125f,-0.2124f,0.9512f,-0.2236f,1.375f,-0.0015f,-0.2292f,-0.9734f,0f,0f,0f,0f,1f],start_interpolation: 0,interpolation_duration: 1}