# This file was generated by Animated Java via MC-Build. It is not recommended to edit this file directly.
$data merge entity $(bone_head) {transformation: [-0.964f,-0.0542f,0.2604f,0f,0.0005f,0.9786f,0.2058f,1.5f,-0.266f,0.1985f,-0.9433f,0f,0f,0f,0f,1f],start_interpolation: 0,interpolation_duration: 1}
$data merge entity $(bone_right_arm) {transformation: [-0.9915f,0.1275f,-0.0272f,-0.3125f,0.1303f,0.9733f,-0.189f,1.375f,0.0024f,-0.1909f,-0.9816f,0f,0f,0f,0f,1f],start_interpolation: 0,interpolation_duration: 1}
$data merge entity $(bone_left_arm) {transformation: [-0.977f,-0.2074f,0.0495f,0.3125f,-0.2132f,0.9516f,-0.2212f,1.375f,-0.0012f,-0.2266f,-0.974f,0f,0f,0f,0f,1f],start_interpolation: 0,interpolation_duration: 1}