# This file was generated by Animated Java via MC-Build. It is not recommended to edit this file directly.
$data merge entity $(bone_head) {transformation: [-0.9648f,-0.055f,0.2571f,0f,0.0003f,0.9776f,0.2104f,1.5f,-0.2629f,0.2031f,-0.9432f,0f,0f,0f,0f,1f],start_interpolation: 0,interpolation_duration: 1}
$data merge entity $(bone_right_arm) {transformation: [-0.9915f,0.1278f,-0.0261f,-0.3125f,0.1304f,0.9741f,-0.1848f,1.375f,0.0018f,-0.1866f,-0.9824f,0f,0f,0f,0f,1f],start_interpolation: 0,interpolation_duration: 1}
$data merge entity $(bone_left_arm) {transformation: [-0.9768f,-0.2084f,0.0488f,0.3125f,-0.214f,0.952f,-0.2187f,1.375f,-0.0009f,-0.2241f,-0.9746f,0f,0f,0f,0f,1f],start_interpolation: 0,interpolation_duration: 1}