# This file was generated by Animated Java via MC-Build. It is not recommended to edit this file directly.
$data merge entity $(bone_head) {transformation: [-0.9654f,-0.0556f,0.2546f,0f,0.0001f,0.9769f,0.2137f,1.5f,-0.2606f,0.2064f,-0.9431f,0f,0f,0f,0f,1f],start_interpolation: 0,interpolation_duration: 1}
$data merge entity $(bone_right_arm) {transformation: [-0.9915f,0.128f,-0.0249f,-0.3125f,0.1304f,0.9749f,-0.1806f,1.375f,0.0012f,-0.1823f,-0.9832f,0f,0f,0f,0f,1f],start_interpolation: 0,interpolation_duration: 1}
$data merge entity $(bone_left_arm) {transformation: [-0.9766f,-0.2094f,0.0482f,0.3125f,-0.2148f,0.9524f,-0.2162f,1.375f,-0.0006f,-0.2215f,-0.9752f,0f,0f,0f,0f,1f],start_interpolation: 0,interpolation_duration: 1}