# This file was generated by Animated Java via MC-Build. It is not recommended to edit this file directly.
$data merge entity $(bone_head) {transformation: [-0.9658f,-0.0559f,0.2532f,0f,0f,0.9764f,0.2158f,1.5f,-0.2593f,0.2084f,-0.9431f,0f,0f,0f,0f,1f],start_interpolation: 0,interpolation_duration: 1}
$data merge entity $(bone_right_arm) {transformation: [-0.9915f,0.1283f,-0.0238f,-0.3125f,0.1305f,0.9756f,-0.1764f,1.375f,0.0006f,-0.178f,-0.984f,0f,0f,0f,0f,1f],start_interpolation: 0,interpolation_duration: 1}
$data merge entity $(bone_left_arm) {transformation: [-0.9765f,-0.2103f,0.0475f,0.3125f,-0.2156f,0.9528f,-0.2138f,1.375f,-0.0003f,-0.219f,-0.9757f,0f,0f,0f,0f,1f],start_interpolation: 0,interpolation_duration: 1}