# This file was generated by Animated Java via MC-Build. It is not recommended to edit this file directly.
$data merge entity $(bone_head) {transformation: [-0.9908f,-0.0196f,-0.1338f,0f,-0.0221f,0.9996f,0.0172f,1.5f,0.1335f,0.02f,-0.9909f,0f,0f,0f,0f,1f],start_interpolation: 0,interpolation_duration: 1}
$data merge entity $(bone_right_arm) {transformation: [-0.9915f,0.1227f,-0.0432f,-0.3125f,0.1296f,0.9598f,-0.2491f,1.375f,0.0109f,-0.2526f,-0.9675f,0f,0f,0f,0f,1f],start_interpolation: 0,interpolation_duration: 1}
$data merge entity $(bone_left_arm) {transformation: [-0.9791f,-0.1954f,0.0569f,0.3125f,-0.2035f,0.9463f,-0.251f,1.375f,-0.0048f,-0.2574f,-0.9663f,0f,0f,0f,0f,1f],start_interpolation: 0,interpolation_duration: 1}