# This file was generated by Animated Java via MC-Build. It is not recommended to edit this file directly.
$data merge entity $(bone_head) {transformation: [-0.9871f,-0.0226f,-0.1587f,0f,-0.0235f,0.9997f,0.0037f,1.5f,0.1586f,0.0073f,-0.9873f,0f,0f,0f,0f,1f],start_interpolation: 0,interpolation_duration: 1}
$data merge entity $(bone_right_arm) {transformation: [-0.9915f,0.1221f,-0.0449f,-0.3125f,0.1295f,0.9581f,-0.2556f,1.375f,0.0118f,-0.2593f,-0.9657f,0f,0f,0f,0f,1f],start_interpolation: 0,interpolation_duration: 1}
$data merge entity $(bone_left_arm) {transformation: [-0.9793f,-0.194f,0.0578f,0.3125f,-0.2024f,0.9456f,-0.2546f,1.375f,-0.0052f,-0.261f,-0.9653f,0f,0f,0f,0f,1f],start_interpolation: 0,interpolation_duration: 1}