# This file was generated by Animated Java via MC-Build. It is not recommended to edit this file directly.
$data merge entity $(bone_head) {transformation: [-0.9829f,-0.026f,-0.1821f,0f,-0.0247f,0.9997f,-0.0092f,1.5f,0.1823f,-0.0045f,-0.9832f,0f,0f,0f,0f,1f],start_interpolation: 0,interpolation_duration: 1}
$data merge entity $(bone_right_arm) {transformation: [-0.9915f,0.1214f,-0.0466f,-0.3125f,0.1294f,0.9563f,-0.2622f,1.375f,0.0128f,-0.266f,-0.9639f,0f,0f,0f,0f,1f],start_interpolation: 0,interpolation_duration: 1}
$data merge entity $(bone_left_arm) {transformation: [-0.9795f,-0.1925f,0.0586f,0.3125f,-0.2012f,0.9449f,-0.2581f,1.375f,-0.0057f,-0.2646f,-0.9643f,0f,0f,0f,0f,1f],start_interpolation: 0,interpolation_duration: 1}