# This file was generated by Animated Java via MC-Build. It is not recommended to edit this file directly.
$data merge entity $(bone_head) {transformation: [-0.9785f,-0.0296f,-0.2039f,0f,-0.0258f,0.9994f,-0.0213f,1.5f,0.2044f,-0.0156f,-0.9788f,0f,0f,0f,0f,1f],start_interpolation: 0,interpolation_duration: 1}
$data merge entity $(bone_right_arm) {transformation: [-0.9915f,0.1207f,-0.0484f,-0.3125f,0.1293f,0.9545f,-0.2688f,1.375f,0.0137f,-0.2728f,-0.962f,0f,0f,0f,0f,1f],start_interpolation: 0,interpolation_duration: 1}
$data merge entity $(bone_left_arm) {transformation: [-0.9798f,-0.1911f,0.0594f,0.3125f,-0.2f,0.9442f,-0.2618f,1.375f,-0.0061f,-0.2684f,-0.9633f,0f,0f,0f,0f,1f],start_interpolation: 0,interpolation_duration: 1}