# This file was generated by Animated Java via MC-Build. It is not recommended to edit this file directly.
$data merge entity $(bone_head) {transformation: [-0.974f,-0.0335f,-0.2239f,0f,-0.0269f,0.9991f,-0.0325f,1.5f,0.2247f,-0.0256f,-0.9741f,0f,0f,0f,0f,1f],start_interpolation: 0,interpolation_duration: 1}
$data merge entity $(bone_right_arm) {transformation: [-0.9915f,0.1201f,-0.0501f,-0.3125f,0.1293f,0.9526f,-0.2754f,1.375f,0.0147f,-0.2795f,-0.96f,0f,0f,0f,0f,1f],start_interpolation: 0,interpolation_duration: 1}
$data merge entity $(bone_left_arm) {transformation: [-0.98f,-0.1896f,0.0603f,0.3125f,-0.1988f,0.9434f,-0.2654f,1.375f,-0.0066f,-0.2721f,-0.9622f,0f,0f,0f,0f,1f],start_interpolation: 0,interpolation_duration: 1}