# This file was generated by Animated Java via MC-Build. It is not recommended to edit this file directly.
$data merge entity $(bone_head) {transformation: [-0.9696f,-0.0373f,-0.2418f,0f,-0.0278f,0.9987f,-0.0427f,1.5f,0.2431f,-0.0347f,-0.9694f,0f,0f,0f,0f,1f],start_interpolation: 0,interpolation_duration: 1}
$data merge entity $(bone_right_arm) {transformation: [-0.9915f,0.1194f,-0.0518f,-0.3125f,0.1292f,0.9507f,-0.282f,1.375f,0.0156f,-0.2863f,-0.958f,0f,0f,0f,0f,1f],start_interpolation: 0,interpolation_duration: 1}
$data merge entity $(bone_left_arm) {transformation: [-0.9803f,-0.188f,0.0611f,0.3125f,-0.1976f,0.9426f,-0.2691f,1.375f,-0.007f,-0.2759f,-0.9612f,0f,0f,0f,0f,1f],start_interpolation: 0,interpolation_duration: 1}