# This file was generated by Animated Java via MC-Build. It is not recommended to edit this file directly.
$data merge entity $(bone_head) {transformation: [-0.9654f,-0.041f,-0.2576f,0f,-0.0286f,0.9983f,-0.0518f,1.5f,0.2593f,-0.0426f,-0.9649f,0f,0f,0f,0f,1f],start_interpolation: 0,interpolation_duration: 1}
$data merge entity $(bone_right_arm) {transformation: [-0.9915f,0.1186f,-0.0535f,-0.3125f,0.1291f,0.9487f,-0.2885f,1.375f,0.0165f,-0.2929f,-0.956f,0f,0f,0f,0f,1f],start_interpolation: 0,interpolation_duration: 1}
$data merge entity $(bone_left_arm) {transformation: [-0.9805f,-0.1865f,0.0619f,0.3125f,-0.1964f,0.9418f,-0.2728f,1.375f,-0.0075f,-0.2797f,-0.9601f,0f,0f,0f,0f,1f],start_interpolation: 0,interpolation_duration: 1}