# This file was generated by Animated Java via MC-Build. It is not recommended to edit this file directly.
$data merge entity $(bone_head) {transformation: [-0.9615f,-0.0444f,-0.2711f,0f,-0.0292f,0.9978f,-0.0596f,1.5f,0.2732f,-0.0494f,-0.9607f,0f,0f,0f,0f,1f],start_interpolation: 0,interpolation_duration: 1}
$data merge entity $(bone_right_arm) {transformation: [-0.9915f,0.1179f,-0.0552f,-0.3125f,0.129f,0.9468f,-0.2949f,1.375f,0.0175f,-0.2995f,-0.9539f,0f,0f,0f,0f,1f],start_interpolation: 0,interpolation_duration: 1}
$data merge entity $(bone_left_arm) {transformation: [-0.9807f,-0.185f,0.0628f,0.3125f,-0.1952f,0.941f,-0.2765f,1.375f,-0.0079f,-0.2835f,-0.959f,0f,0f,0f,0f,1f],start_interpolation: 0,interpolation_duration: 1}