# This file was generated by Animated Java via MC-Build. It is not recommended to edit this file directly.
$data merge entity $(bone_head) {transformation: [-0.9581f,-0.0473f,-0.2823f,0f,-0.0298f,0.9974f,-0.0661f,1.5f,0.2847f,-0.055f,-0.957f,0f,0f,0f,0f,1f],start_interpolation: 0,interpolation_duration: 1}
$data merge entity $(bone_right_arm) {transformation: [-0.9915f,0.1172f,-0.0568f,-0.3125f,0.1289f,0.9448f,-0.3012f,1.375f,0.0184f,-0.306f,-0.9519f,0f,0f,0f,0f,1f],start_interpolation: 0,interpolation_duration: 1}
$data merge entity $(bone_left_arm) {transformation: [-0.981f,-0.1834f,0.0636f,0.3125f,-0.1939f,0.9401f,-0.2802f,1.375f,-0.0084f,-0.2872f,-0.9578f,0f,0f,0f,0f,1f],start_interpolation: 0,interpolation_duration: 1}