# This file was generated by Animated Java via MC-Build. It is not recommended to edit this file directly.
$data merge entity $(bone_head) {transformation: [-0.9554f,-0.0498f,-0.2911f,0f,-0.0302f,0.997f,-0.0713f,1.5f,0.2938f,-0.0593f,-0.954f,0f,0f,0f,0f,1f],start_interpolation: 0,interpolation_duration: 1}
$data merge entity $(bone_right_arm) {transformation: [-0.9915f,0.1165f,-0.0584f,-0.3125f,0.1289f,0.9428f,-0.3074f,1.375f,0.0193f,-0.3123f,-0.9498f,0f,0f,0f,0f,1f],start_interpolation: 0,interpolation_duration: 1}
$data merge entity $(bone_left_arm) {transformation: [-0.9812f,-0.1819f,0.0643f,0.3125f,-0.1927f,0.9393f,-0.2839f,1.375f,-0.0088f,-0.291f,-0.9567f,0f,0f,0f,0f,1f],start_interpolation: 0,interpolation_duration: 1}