# This file was generated by Animated Java via MC-Build. It is not recommended to edit this file directly.
$data merge entity $(bone_head) {transformation: [-0.969f,-0.0526f,0.2412f,0f,-0.0007f,0.9776f,0.2106f,1.5f,-0.2469f,0.2039f,-0.9473f,0f,0f,0f,0f,1f],start_interpolation: 0,interpolation_duration: 1}
$data merge entity $(bone_right_arm) {transformation: [-0.9914f,0.1284f,-0.0232f,-0.3125f,0.1305f,0.976f,-0.1742f,1.375f,0.0003f,-0.1757f,-0.9844f,0f,0f,0f,0f,1f],start_interpolation: 0,interpolation_duration: 1}
$data merge entity $(bone_left_arm) {transformation: [-0.9764f,-0.2109f,0.0471f,0.3125f,-0.2161f,0.953f,-0.2123f,1.375f,-0.0001f,-0.2175f,-0.9761f,0f,0f,0f,0f,1f],start_interpolation: 0,interpolation_duration: 1}