# This file was generated by Animated Java via MC-Build. It is not recommended to edit this file directly.
$data merge entity $(bone_head) {transformation: [-0.9534f,-0.0516f,-0.2974f,0f,-0.0305f,0.9967f,-0.075f,1.5f,0.3003f,-0.0624f,-0.9518f,0f,0f,0f,0f,1f],start_interpolation: 0,interpolation_duration: 1}
$data merge entity $(bone_right_arm) {transformation: [-0.9915f,0.1157f,-0.06f,-0.3125f,0.1288f,0.9409f,-0.3134f,1.375f,0.0202f,-0.3184f,-0.9477f,0f,0f,0f,0f,1f],start_interpolation: 0,interpolation_duration: 1}
$data merge entity $(bone_left_arm) {transformation: [-0.9814f,-0.1804f,0.0651f,0.3125f,-0.1916f,0.9384f,-0.2875f,1.375f,-0.0092f,-0.2946f,-0.9556f,0f,0f,0f,0f,1f],start_interpolation: 0,interpolation_duration: 1}