# This file was generated by Animated Java via MC-Build. It is not recommended to edit this file directly.
$data merge entity $(bone_head) {transformation: [-0.9521f,-0.0527f,-0.3012f,0f,-0.0307f,0.9965f,-0.0773f,1.5f,0.3042f,-0.0643f,-0.9504f,0f,0f,0f,0f,1f],start_interpolation: 0,interpolation_duration: 1}
$data merge entity $(bone_right_arm) {transformation: [-0.9915f,0.115f,-0.0615f,-0.3125f,0.1287f,0.9389f,-0.3192f,1.375f,0.021f,-0.3244f,-0.9457f,0f,0f,0f,0f,1f],start_interpolation: 0,interpolation_duration: 1}
$data merge entity $(bone_left_arm) {transformation: [-0.9817f,-0.1789f,0.0659f,0.3125f,-0.1904f,0.9376f,-0.2911f,1.375f,-0.0097f,-0.2983f,-0.9544f,0f,0f,0f,0f,1f],start_interpolation: 0,interpolation_duration: 1}