# This file was generated by Animated Java via MC-Build. It is not recommended to edit this file directly.
$data merge entity $(bone_head) {transformation: [-0.9517f,-0.0531f,-0.3025f,0f,-0.0308f,0.9965f,-0.078f,1.5f,0.3055f,-0.0649f,-0.95f,0f,0f,0f,0f,1f],start_interpolation: 0,interpolation_duration: 1}
$data merge entity $(bone_right_arm) {transformation: [-0.9915f,0.1143f,-0.0629f,-0.3125f,0.1286f,0.937f,-0.3248f,1.375f,0.0218f,-0.3301f,-0.9437f,0f,0f,0f,0f,1f],start_interpolation: 0,interpolation_duration: 1}
$data merge entity $(bone_left_arm) {transformation: [-0.9819f,-0.1774f,0.0666f,0.3125f,-0.1892f,0.9367f,-0.2946f,1.375f,-0.0101f,-0.3018f,-0.9533f,0f,0f,0f,0f,1f],start_interpolation: 0,interpolation_duration: 1}