# This file was generated by Animated Java via MC-Build. It is not recommended to edit this file directly.
$data merge entity $(bone_head) {transformation: [-0.9522f,-0.0528f,-0.301f,0f,-0.0307f,0.9965f,-0.0779f,1.5f,0.304f,-0.0649f,-0.9505f,0f,0f,0f,0f,1f],start_interpolation: 0,interpolation_duration: 1}
$data merge entity $(bone_right_arm) {transformation: [-0.9914f,0.1136f,-0.0643f,-0.3125f,0.1286f,0.9351f,-0.3301f,1.375f,0.0226f,-0.3355f,-0.9418f,0f,0f,0f,0f,1f],start_interpolation: 0,interpolation_duration: 1}
$data merge entity $(bone_left_arm) {transformation: [-0.9821f,-0.176f,0.0673f,0.3125f,-0.1881f,0.9359f,-0.298f,1.375f,-0.0105f,-0.3053f,-0.9522f,0f,0f,0f,0f,1f],start_interpolation: 0,interpolation_duration: 1}