# This file was generated by Animated Java via MC-Build. It is not recommended to edit this file directly.
$data merge entity $(bone_head) {transformation: [-0.9536f,-0.0522f,-0.2965f,0f,-0.0305f,0.9965f,-0.0774f,1.5f,0.2995f,-0.0648f,-0.9519f,0f,0f,0f,0f,1f],start_interpolation: 0,interpolation_duration: 1}
$data merge entity $(bone_right_arm) {transformation: [-0.9914f,0.113f,-0.0656f,-0.3125f,0.1285f,0.9334f,-0.3352f,1.375f,0.0233f,-0.3407f,-0.9399f,0f,0f,0f,0f,1f],start_interpolation: 0,interpolation_duration: 1}
$data merge entity $(bone_left_arm) {transformation: [-0.9823f,-0.1746f,0.0679f,0.3125f,-0.187f,0.935f,-0.3013f,1.375f,-0.0109f,-0.3087f,-0.9511f,0f,0f,0f,0f,1f],start_interpolation: 0,interpolation_duration: 1}