# This file was generated by Animated Java via MC-Build. It is not recommended to edit this file directly.
$data merge entity $(bone_head) {transformation: [-0.956f,-0.0511f,-0.289f,0f,-0.0301f,0.9966f,-0.0766f,1.5f,0.292f,-0.0646f,-0.9542f,0f,0f,0f,0f,1f],start_interpolation: 0,interpolation_duration: 1}
$data merge entity $(bone_right_arm) {transformation: [-0.9914f,0.1123f,-0.0668f,-0.3125f,0.1284f,0.9316f,-0.34f,1.375f,0.024f,-0.3456f,-0.9381f,0f,0f,0f,0f,1f],start_interpolation: 0,interpolation_duration: 1}
$data merge entity $(bone_left_arm) {transformation: [-0.9825f,-0.1732f,0.0686f,0.3125f,-0.186f,0.9342f,-0.3045f,1.375f,-0.0113f,-0.3119f,-0.95f,0f,0f,0f,0f,1f],start_interpolation: 0,interpolation_duration: 1}