# This file was generated by Animated Java via MC-Build. It is not recommended to edit this file directly.
$data merge entity $(bone_head) {transformation: [-0.9591f,-0.0496f,-0.2787f,0f,-0.0295f,0.9967f,-0.0756f,1.5f,0.2815f,-0.0643f,-0.9574f,0f,0f,0f,0f,1f],start_interpolation: 0,interpolation_duration: 1}
$data merge entity $(bone_right_arm) {transformation: [-0.9914f,0.1117f,-0.0679f,-0.3125f,0.1284f,0.93f,-0.3444f,1.375f,0.0247f,-0.3502f,-0.9363f,0f,0f,0f,0f,1f],start_interpolation: 0,interpolation_duration: 1}
$data merge entity $(bone_left_arm) {transformation: [-0.9827f,-0.1719f,0.0692f,0.3125f,-0.1849f,0.9334f,-0.3076f,1.375f,-0.0117f,-0.3151f,-0.949f,0f,0f,0f,0f,1f],start_interpolation: 0,interpolation_duration: 1}