# This file was generated by Animated Java via MC-Build. It is not recommended to edit this file directly.
$data merge entity $(bone_head) {transformation: [-0.9629f,-0.0476f,-0.2654f,0f,-0.0288f,0.9968f,-0.0743f,1.5f,0.2681f,-0.0639f,-0.9613f,0f,0f,0f,0f,1f],start_interpolation: 0,interpolation_duration: 1}
$data merge entity $(bone_right_arm) {transformation: [-0.9914f,0.1111f,-0.069f,-0.3125f,0.1283f,0.9284f,-0.3486f,1.375f,0.0253f,-0.3544f,-0.9347f,0f,0f,0f,0f,1f],start_interpolation: 0,interpolation_duration: 1}
$data merge entity $(bone_left_arm) {transformation: [-0.9829f,-0.1706f,0.0698f,0.3125f,-0.184f,0.9326f,-0.3106f,1.375f,-0.0121f,-0.3181f,-0.948f,0f,0f,0f,0f,1f],start_interpolation: 0,interpolation_duration: 1}