# This file was generated by Animated Java via MC-Build. It is not recommended to edit this file directly.
$data merge entity $(bone_head) {transformation: [-0.9673f,-0.0453f,-0.2494f,0f,-0.028f,0.997f,-0.0727f,1.5f,0.252f,-0.0633f,-0.9657f,0f,0f,0f,0f,1f],start_interpolation: 0,interpolation_duration: 1}
$data merge entity $(bone_right_arm) {transformation: [-0.9914f,0.1106f,-0.07f,-0.3125f,0.1283f,0.927f,-0.3524f,1.375f,0.0259f,-0.3583f,-0.9332f,0f,0f,0f,0f,1f],start_interpolation: 0,interpolation_duration: 1}
$data merge entity $(bone_left_arm) {transformation: [-0.983f,-0.1694f,0.0703f,0.3125f,-0.183f,0.9318f,-0.3134f,1.375f,-0.0124f,-0.321f,-0.947f,0f,0f,0f,0f,1f],start_interpolation: 0,interpolation_duration: 1}