# This file was generated by Animated Java via MC-Build. It is not recommended to edit this file directly.
$data merge entity $(bone_head) {transformation: [-0.9721f,-0.0427f,-0.2308f,0f,-0.027f,0.9971f,-0.0709f,1.5f,0.2331f,-0.0627f,-0.9704f,0f,0f,0f,0f,1f],start_interpolation: 0,interpolation_duration: 1}
$data merge entity $(bone_right_arm) {transformation: [-0.9914f,0.1101f,-0.0708f,-0.3125f,0.1282f,0.9257f,-0.3558f,1.375f,0.0264f,-0.3619f,-0.9319f,0f,0f,0f,0f,1f],start_interpolation: 0,interpolation_duration: 1}
$data merge entity $(bone_left_arm) {transformation: [-0.9832f,-0.1683f,0.0708f,0.3125f,-0.1821f,0.9311f,-0.3161f,1.375f,-0.0127f,-0.3237f,-0.9461f,0f,0f,0f,0f,1f],start_interpolation: 0,interpolation_duration: 1}