# This file was generated by Animated Java via MC-Build. It is not recommended to edit this file directly.
$data merge entity $(bone_head) {transformation: [-0.9713f,-0.0501f,0.2324f,0f,-0.0012f,0.9785f,0.2061f,1.5f,-0.2377f,0.1999f,-0.9505f,0f,0f,0f,0f,1f],start_interpolation: 0,interpolation_duration: 1}
$data merge entity $(bone_right_arm) {transformation: [-0.9915f,0.1283f,-0.0236f,-0.3125f,0.1305f,0.9757f,-0.1758f,1.375f,0.0005f,-0.1773f,-0.9842f,0f,0f,0f,0f,1f],start_interpolation: 0,interpolation_duration: 1}
$data merge entity $(bone_left_arm) {transformation: [-0.9764f,-0.2106f,0.0473f,0.3125f,-0.2159f,0.9529f,-0.2131f,1.375f,-0.0002f,-0.2183f,-0.9759f,0f,0f,0f,0f,1f],start_interpolation: 0,interpolation_duration: 1}