# This file was generated by Animated Java via MC-Build. It is not recommended to edit this file directly.
$data merge entity $(bone_head) {transformation: [-0.977f,-0.0398f,-0.2095f,0f,-0.0258f,0.9973f,-0.069f,1.5f,0.2117f,-0.062f,-0.9754f,0f,0f,0f,0f,1f],start_interpolation: 0,interpolation_duration: 1}
$data merge entity $(bone_right_arm) {transformation: [-0.9914f,0.1097f,-0.0716f,-0.3125f,0.1282f,0.9245f,-0.3589f,1.375f,0.0268f,-0.365f,-0.9306f,0f,0f,0f,0f,1f],start_interpolation: 0,interpolation_duration: 1}
$data merge entity $(bone_left_arm) {transformation: [-0.9833f,-0.1672f,0.0713f,0.3125f,-0.1813f,0.9304f,-0.3186f,1.375f,-0.013f,-0.3262f,-0.9452f,0f,0f,0f,0f,1f],start_interpolation: 0,interpolation_duration: 1}