# This file was generated by Animated Java via MC-Build. It is not recommended to edit this file directly.
$data merge entity $(bone_head) {transformation: [-0.9819f,-0.0366f,-0.1859f,0f,-0.0245f,0.9975f,-0.0668f,1.5f,0.1879f,-0.0611f,-0.9803f,0f,0f,0f,0f,1f],start_interpolation: 0,interpolation_duration: 1}
$data merge entity $(bone_right_arm) {transformation: [-0.9914f,0.1093f,-0.0723f,-0.3125f,0.1282f,0.9235f,-0.3616f,1.375f,0.0272f,-0.3678f,-0.9295f,0f,0f,0f,0f,1f],start_interpolation: 0,interpolation_duration: 1}
$data merge entity $(bone_left_arm) {transformation: [-0.9835f,-0.1662f,0.0717f,0.3125f,-0.1805f,0.9297f,-0.321f,1.375f,-0.0133f,-0.3286f,-0.9444f,0f,0f,0f,0f,1f],start_interpolation: 0,interpolation_duration: 1}