# This file was generated by Animated Java via MC-Build. It is not recommended to edit this file directly.
$data merge entity $(bone_head) {transformation: [-0.9865f,-0.0331f,-0.1601f,0f,-0.023f,0.9976f,-0.0646f,1.5f,0.1618f,-0.0601f,-0.985f,0f,0f,0f,0f,1f],start_interpolation: 0,interpolation_duration: 1}
$data merge entity $(bone_right_arm) {transformation: [-0.9914f,0.1089f,-0.0729f,-0.3125f,0.1281f,0.9226f,-0.3639f,1.375f,0.0276f,-0.3701f,-0.9286f,0f,0f,0f,0f,1f],start_interpolation: 0,interpolation_duration: 1}
$data merge entity $(bone_left_arm) {transformation: [-0.9836f,-0.1653f,0.0721f,0.3125f,-0.1798f,0.9291f,-0.3231f,1.375f,-0.0136f,-0.3308f,-0.9436f,0f,0f,0f,0f,1f],start_interpolation: 0,interpolation_duration: 1}