# This file was generated by Animated Java via MC-Build. It is not recommended to edit this file directly.
$data merge entity $(bone_head) {transformation: [-0.9908f,-0.0295f,-0.1322f,0f,-0.0214f,0.9978f,-0.0623f,1.5f,0.1338f,-0.0589f,-0.9893f,0f,0f,0f,0f,1f],start_interpolation: 0,interpolation_duration: 1}
$data merge entity $(bone_right_arm) {transformation: [-0.9914f,0.1087f,-0.0733f,-0.3125f,0.1281f,0.9218f,-0.3658f,1.375f,0.0279f,-0.372f,-0.9278f,0f,0f,0f,0f,1f],start_interpolation: 0,interpolation_duration: 1}
$data merge entity $(bone_left_arm) {transformation: [-0.9837f,-0.1644f,0.0725f,0.3125f,-0.1791f,0.9285f,-0.3251f,1.375f,-0.0138f,-0.3328f,-0.9429f,0f,0f,0f,0f,1f],start_interpolation: 0,interpolation_duration: 1}