# This file was generated by Animated Java via MC-Build. It is not recommended to edit this file directly.
$data merge entity $(bone_head) {transformation: [-0.9944f,-0.0258f,-0.1026f,0f,-0.0197f,0.998f,-0.06f,1.5f,0.104f,-0.0577f,-0.9929f,0f,0f,0f,0f,1f],start_interpolation: 0,interpolation_duration: 1}
$data merge entity $(bone_right_arm) {transformation: [-0.9914f,0.1084f,-0.0737f,-0.3125f,0.1281f,0.9212f,-0.3673f,1.375f,0.0281f,-0.3735f,-0.9272f,0f,0f,0f,0f,1f],start_interpolation: 0,interpolation_duration: 1}
$data merge entity $(bone_left_arm) {transformation: [-0.9838f,-0.1636f,0.0728f,0.3125f,-0.1785f,0.928f,-0.3269f,1.375f,-0.0141f,-0.3347f,-0.9422f,0f,0f,0f,0f,1f],start_interpolation: 0,interpolation_duration: 1}