# This file was generated by Animated Java via MC-Build. It is not recommended to edit this file directly.
$data merge entity $(bone_head) {transformation: [-0.9972f,-0.0219f,-0.0715f,0f,-0.0178f,0.9982f,-0.0577f,1.5f,0.0726f,-0.0563f,-0.9958f,0f,0f,0f,0f,1f],start_interpolation: 0,interpolation_duration: 1}
$data merge entity $(bone_right_arm) {transformation: [-0.9914f,0.1083f,-0.074f,-0.3125f,0.1281f,0.9208f,-0.3683f,1.375f,0.0282f,-0.3746f,-0.9267f,0f,0f,0f,0f,1f],start_interpolation: 0,interpolation_duration: 1}
$data merge entity $(bone_left_arm) {transformation: [-0.9839f,-0.1629f,0.0731f,0.3125f,-0.178f,0.9276f,-0.3286f,1.375f,-0.0143f,-0.3363f,-0.9417f,0f,0f,0f,0f,1f],start_interpolation: 0,interpolation_duration: 1}