# This file was generated by Animated Java via MC-Build. It is not recommended to edit this file directly.
$data merge entity $(bone_head) {transformation: [-0.9991f,-0.018f,-0.0391f,0f,-0.0159f,0.9983f,-0.0554f,1.5f,0.0401f,-0.0548f,-0.9977f,0f,0f,0f,0f,1f],start_interpolation: 0,interpolation_duration: 1}
$data merge entity $(bone_right_arm) {transformation: [-0.9914f,0.1082f,-0.0741f,-0.3125f,0.1281f,0.9206f,-0.369f,1.375f,0.0283f,-0.3753f,-0.9265f,0f,0f,0f,0f,1f],start_interpolation: 0,interpolation_duration: 1}
$data merge entity $(bone_left_arm) {transformation: [-0.984f,-0.1623f,0.0733f,0.3125f,-0.1775f,0.9272f,-0.33f,1.375f,-0.0144f,-0.3377f,-0.9411f,0f,0f,0f,0f,1f],start_interpolation: 0,interpolation_duration: 1}