# This file was generated by Animated Java via MC-Build. It is not recommended to edit this file directly.
$data merge entity $(bone_head) {transformation: [-0.9999f,-0.0142f,-0.0059f,0f,-0.0138f,0.9985f,-0.0532f,1.5f,0.0066f,-0.0532f,-0.9986f,0f,0f,0f,0f,1f],start_interpolation: 0,interpolation_duration: 1}
$data merge entity $(bone_right_arm) {transformation: [-0.9914f,0.1082f,-0.0742f,-0.3125f,0.1281f,0.9205f,-0.3692f,1.375f,0.0284f,-0.3755f,-0.9264f,0f,0f,0f,0f,1f],start_interpolation: 0,interpolation_duration: 1}
$data merge entity $(bone_left_arm) {transformation: [-0.9841f,-0.1618f,0.0735f,0.3125f,-0.1771f,0.9268f,-0.3312f,1.375f,-0.0146f,-0.3389f,-0.9407f,0f,0f,0f,0f,1f],start_interpolation: 0,interpolation_duration: 1}