# This file was generated by Animated Java via MC-Build. It is not recommended to edit this file directly.
$data merge entity $(bone_head) {transformation: [-0.9996f,-0.0103f,0.028f,0f,-0.0118f,0.9986f,-0.0511f,1.5f,-0.0275f,-0.0514f,-0.9983f,0f,0f,0f,0f,1f],start_interpolation: 0,interpolation_duration: 1}
$data merge entity $(bone_right_arm) {transformation: [-0.9914f,0.1082f,-0.0742f,-0.3125f,0.1281f,0.9206f,-0.369f,1.375f,0.0283f,-0.3753f,-0.9265f,0f,0f,0f,0f,1f],start_interpolation: 0,interpolation_duration: 1}
$data merge entity $(bone_left_arm) {transformation: [-0.9841f,-0.1614f,0.0737f,0.3125f,-0.1768f,0.9265f,-0.3321f,1.375f,-0.0147f,-0.3399f,-0.9403f,0f,0f,0f,0f,1f],start_interpolation: 0,interpolation_duration: 1}