# This file was generated by Animated Java via MC-Build. It is not recommended to edit this file directly.
$data merge entity $(bone_head) {transformation: [-0.998f,-0.0066f,0.0622f,0f,-0.0097f,0.9987f,-0.0492f,1.5f,-0.0618f,-0.0497f,-0.9969f,0f,0f,0f,0f,1f],start_interpolation: 0,interpolation_duration: 1}
$data merge entity $(bone_right_arm) {transformation: [-0.9914f,0.1083f,-0.074f,-0.3125f,0.1281f,0.9208f,-0.3685f,1.375f,0.0283f,-0.3748f,-0.9267f,0f,0f,0f,0f,1f],start_interpolation: 0,interpolation_duration: 1}
$data merge entity $(bone_left_arm) {transformation: [-0.9842f,-0.161f,0.0739f,0.3125f,-0.1765f,0.9263f,-0.3329f,1.375f,-0.0148f,-0.3407f,-0.9401f,0f,0f,0f,0f,1f],start_interpolation: 0,interpolation_duration: 1}