# This file was generated by Animated Java via MC-Build. It is not recommended to edit this file directly.
$data merge entity $(bone_head) {transformation: [-0.9741f,-0.0471f,0.2211f,0f,-0.0019f,0.9797f,0.2003f,1.5f,-0.226f,0.1947f,-0.9545f,0f,0f,0f,0f,1f],start_interpolation: 0,interpolation_duration: 1}
$data merge entity $(bone_right_arm) {transformation: [-0.9915f,0.1282f,-0.0242f,-0.3125f,0.1305f,0.9754f,-0.1777f,1.375f,0.0008f,-0.1794f,-0.9838f,0f,0f,0f,0f,1f],start_interpolation: 0,interpolation_duration: 1}
$data merge entity $(bone_left_arm) {transformation: [-0.9765f,-0.2102f,0.0476f,0.3125f,-0.2155f,0.9527f,-0.2141f,1.375f,-0.0003f,-0.2193f,-0.9757f,0f,0f,0f,0f,1f],start_interpolation: 0,interpolation_duration: 1}