# This file was generated by Animated Java via MC-Build. It is not recommended to edit this file directly.
$data merge entity $(bone_head) {transformation: [-0.9954f,-0.003f,0.0963f,0f,-0.0076f,0.9989f,-0.0473f,1.5f,-0.096f,-0.0478f,-0.9942f,0f,0f,0f,0f,1f],start_interpolation: 0,interpolation_duration: 1}
$data merge entity $(bone_right_arm) {transformation: [-0.9914f,0.1084f,-0.0738f,-0.3125f,0.1281f,0.9211f,-0.3677f,1.375f,0.0281f,-0.374f,-0.927f,0f,0f,0f,0f,1f],start_interpolation: 0,interpolation_duration: 1}
$data merge entity $(bone_left_arm) {transformation: [-0.9842f,-0.1608f,0.0739f,0.3125f,-0.1764f,0.9261f,-0.3335f,1.375f,-0.0149f,-0.3412f,-0.9399f,0f,0f,0f,0f,1f],start_interpolation: 0,interpolation_duration: 1}