# This file was generated by Animated Java via MC-Build. It is not recommended to edit this file directly.
$data merge entity $(bone_head) {transformation: [-0.9915f,0.0005f,0.13f,0f,-0.0055f,0.9989f,-0.0457f,1.5f,-0.1299f,-0.046f,-0.9905f,0f,0f,0f,0f,1f],start_interpolation: 0,interpolation_duration: 1}
$data merge entity $(bone_right_arm) {transformation: [-0.9914f,0.1086f,-0.0735f,-0.3125f,0.1281f,0.9215f,-0.3665f,1.375f,0.028f,-0.3728f,-0.9275f,0f,0f,0f,0f,1f],start_interpolation: 0,interpolation_duration: 1}
$data merge entity $(bone_left_arm) {transformation: [-0.9842f,-0.1607f,0.074f,0.3125f,-0.1763f,0.926f,-0.3338f,1.375f,-0.0149f,-0.3416f,-0.9397f,0f,0f,0f,0f,1f],start_interpolation: 0,interpolation_duration: 1}