# This file was generated by Animated Java via MC-Build. It is not recommended to edit this file directly.
$data merge entity $(bone_head) {transformation: [-0.9866f,0.0038f,0.163f,0f,-0.0034f,0.999f,-0.0441f,1.5f,-0.163f,-0.0441f,-0.9856f,0f,0f,0f,0f,1f],start_interpolation: 0,interpolation_duration: 1}
$data merge entity $(bone_right_arm) {transformation: [-0.9914f,0.1088f,-0.0731f,-0.3125f,0.1281f,0.9221f,-0.365f,1.375f,0.0277f,-0.3713f,-0.9281f,0f,0f,0f,0f,1f],start_interpolation: 0,interpolation_duration: 1}
$data merge entity $(bone_left_arm) {transformation: [-0.9842f,-0.1606f,0.074f,0.3125f,-0.1762f,0.926f,-0.3339f,1.375f,-0.0149f,-0.3417f,-0.9397f,0f,0f,0f,0f,1f],start_interpolation: 0,interpolation_duration: 1}