# This file was generated by Animated Java via MC-Build. It is not recommended to edit this file directly.
$data merge entity $(bone_head) {transformation: [-0.9808f,0.0069f,0.1949f,0f,-0.0015f,0.9991f,-0.0428f,1.5f,-0.195f,-0.0423f,-0.9799f,0f,0f,0f,0f,1f],start_interpolation: 0,interpolation_duration: 1}
$data merge entity $(bone_right_arm) {transformation: [-0.9914f,0.109f,-0.0727f,-0.3125f,0.1281f,0.9229f,-0.3632f,1.375f,0.0275f,-0.3694f,-0.9289f,0f,0f,0f,0f,1f],start_interpolation: 0,interpolation_duration: 1}
$data merge entity $(bone_left_arm) {transformation: [-0.9841f,-0.1616f,0.0736f,0.3125f,-0.177f,0.9267f,-0.3316f,1.375f,-0.0146f,-0.3393f,-0.9406f,0f,0f,0f,0f,1f],start_interpolation: 0,interpolation_duration: 1}