# This file was generated by Animated Java via MC-Build. It is not recommended to edit this file directly.
$data merge entity $(bone_head) {transformation: [-0.9742f,0.0098f,0.2256f,0f,0.0004f,0.9991f,-0.0416f,1.5f,-0.2258f,-0.0405f,-0.9733f,0f,0f,0f,0f,1f],start_interpolation: 0,interpolation_duration: 1}
$data merge entity $(bone_right_arm) {transformation: [-0.9914f,0.1094f,-0.0722f,-0.3125f,0.1282f,0.9237f,-0.3611f,1.375f,0.0272f,-0.3672f,-0.9297f,0f,0f,0f,0f,1f],start_interpolation: 0,interpolation_duration: 1}
$data merge entity $(bone_left_arm) {transformation: [-0.984f,-0.1626f,0.0732f,0.3125f,-0.1778f,0.9274f,-0.3292f,1.375f,-0.0143f,-0.337f,-0.9414f,0f,0f,0f,0f,1f],start_interpolation: 0,interpolation_duration: 1}