# This file was generated by Animated Java via MC-Build. It is not recommended to edit this file directly.
$data merge entity $(bone_head) {transformation: [-0.967f,0.0124f,0.2547f,0f,0.0022f,0.9992f,-0.0406f,1.5f,-0.255f,-0.0387f,-0.9662f,0f,0f,0f,0f,1f],start_interpolation: 0,interpolation_duration: 1}
$data merge entity $(bone_right_arm) {transformation: [-0.9914f,0.1097f,-0.0715f,-0.3125f,0.1282f,0.9246f,-0.3586f,1.375f,0.0268f,-0.3647f,-0.9307f,0f,0f,0f,0f,1f],start_interpolation: 0,interpolation_duration: 1}
$data merge entity $(bone_left_arm) {transformation: [-0.9838f,-0.1636f,0.0728f,0.3125f,-0.1785f,0.928f,-0.3269f,1.375f,-0.0141f,-0.3346f,-0.9423f,0f,0f,0f,0f,1f],start_interpolation: 0,interpolation_duration: 1}