# This file was generated by Animated Java via MC-Build. It is not recommended to edit this file directly.
$data merge entity $(bone_head) {transformation: [-0.9593f,0.0149f,0.2819f,0f,0.0038f,0.9992f,-0.0398f,1.5f,-0.2823f,-0.0371f,-0.9586f,0f,0f,0f,0f,1f],start_interpolation: 0,interpolation_duration: 1}
$data merge entity $(bone_right_arm) {transformation: [-0.9914f,0.1101f,-0.0708f,-0.3125f,0.1282f,0.9257f,-0.3559f,1.375f,0.0264f,-0.3619f,-0.9318f,0f,0f,0f,0f,1f],start_interpolation: 0,interpolation_duration: 1}
$data merge entity $(bone_left_arm) {transformation: [-0.9837f,-0.1646f,0.0724f,0.3125f,-0.1793f,0.9287f,-0.3246f,1.375f,-0.0138f,-0.3322f,-0.9431f,0f,0f,0f,0f,1f],start_interpolation: 0,interpolation_duration: 1}