# This file was generated by Animated Java via MC-Build. It is not recommended to edit this file directly.
$data merge entity $(bone_head) {transformation: [-0.9515f,0.017f,0.3071f,0f,0.0053f,0.9992f,-0.039f,1.5f,-0.3076f,-0.0355f,-0.9509f,0f,0f,0f,0f,1f],start_interpolation: 0,interpolation_duration: 1}
$data merge entity $(bone_right_arm) {transformation: [-0.9914f,0.1105f,-0.0701f,-0.3125f,0.1283f,0.9268f,-0.3529f,1.375f,0.0259f,-0.3588f,-0.933f,0f,0f,0f,0f,1f],start_interpolation: 0,interpolation_duration: 1}
$data merge entity $(bone_left_arm) {transformation: [-0.9836f,-0.1657f,0.0719f,0.3125f,-0.1801f,0.9294f,-0.3222f,1.375f,-0.0135f,-0.3299f,-0.9439f,0f,0f,0f,0f,1f],start_interpolation: 0,interpolation_duration: 1}