# This file was generated by Animated Java via MC-Build. It is not recommended to edit this file directly.
$data merge entity $(bone_head) {transformation: [-0.9437f,0.019f,0.3301f,0f,0.0066f,0.9992f,-0.0384f,1.5f,-0.3306f,-0.0341f,-0.9432f,0f,0f,0f,0f,1f],start_interpolation: 0,interpolation_duration: 1}
$data merge entity $(bone_right_arm) {transformation: [-0.9914f,0.111f,-0.0692f,-0.3125f,0.1283f,0.9281f,-0.3496f,1.375f,0.0255f,-0.3554f,-0.9344f,0f,0f,0f,0f,1f],start_interpolation: 0,interpolation_duration: 1}
$data merge entity $(bone_left_arm) {transformation: [-0.9834f,-0.1667f,0.0715f,0.3125f,-0.1809f,0.93f,-0.3199f,1.375f,-0.0132f,-0.3275f,-0.9448f,0f,0f,0f,0f,1f],start_interpolation: 0,interpolation_duration: 1}