# This file was generated by Animated Java via MC-Build. It is not recommended to edit this file directly.
$data merge entity $(bone_head) {transformation: [-0.9362f,0.0207f,0.3507f,0f,0.0078f,0.9992f,-0.038f,1.5f,-0.3513f,-0.0328f,-0.9357f,0f,0f,0f,0f,1f],start_interpolation: 0,interpolation_duration: 1}
$data merge entity $(bone_right_arm) {transformation: [-0.9914f,0.1115f,-0.0683f,-0.3125f,0.1284f,0.9294f,-0.346f,1.375f,0.0249f,-0.3518f,-0.9358f,0f,0f,0f,0f,1f],start_interpolation: 0,interpolation_duration: 1}
$data merge entity $(bone_left_arm) {transformation: [-0.9833f,-0.1677f,0.0711f,0.3125f,-0.1817f,0.9307f,-0.3175f,1.375f,-0.0129f,-0.3251f,-0.9456f,0f,0f,0f,0f,1f],start_interpolation: 0,interpolation_duration: 1}