# This file was generated by Animated Java via MC-Build. It is not recommended to edit this file directly.
$data merge entity $(bone_head) {transformation: [-0.9773f,-0.0435f,0.2075f,0f,-0.0027f,0.9811f,0.1934f,1.5f,-0.212f,0.1884f,-0.9589f,0f,0f,0f,0f,1f],start_interpolation: 0,interpolation_duration: 1}
$data merge entity $(bone_right_arm) {transformation: [-0.9915f,0.1281f,-0.0248f,-0.3125f,0.1304f,0.9749f,-0.1802f,1.375f,0.0011f,-0.1819f,-0.9833f,0f,0f,0f,0f,1f],start_interpolation: 0,interpolation_duration: 1}
$data merge entity $(bone_left_arm) {transformation: [-0.9766f,-0.2097f,0.0479f,0.3125f,-0.2151f,0.9526f,-0.2153f,1.375f,-0.0005f,-0.2206f,-0.9754f,0f,0f,0f,0f,1f],start_interpolation: 0,interpolation_duration: 1}