# This file was generated by Animated Java via MC-Build. It is not recommended to edit this file directly.
$data merge entity $(bone_head) {transformation: [-0.9292f,0.0221f,0.3688f,0f,0.0089f,0.9993f,-0.0376f,1.5f,-0.3694f,-0.0317f,-0.9287f,0f,0f,0f,0f,1f],start_interpolation: 0,interpolation_duration: 1}
$data merge entity $(bone_right_arm) {transformation: [-0.9914f,0.112f,-0.0673f,-0.3125f,0.1284f,0.9308f,-0.3421f,1.375f,0.0244f,-0.3478f,-0.9372f,0f,0f,0f,0f,1f],start_interpolation: 0,interpolation_duration: 1}
$data merge entity $(bone_left_arm) {transformation: [-0.9831f,-0.1687f,0.0706f,0.3125f,-0.1824f,0.9313f,-0.3152f,1.375f,-0.0126f,-0.3228f,-0.9464f,0f,0f,0f,0f,1f],start_interpolation: 0,interpolation_duration: 1}