# This file was generated by Animated Java via MC-Build. It is not recommended to edit this file directly.
$data merge entity $(bone_head) {transformation: [-0.9229f,0.0234f,0.3843f,0f,0.0098f,0.9993f,-0.0373f,1.5f,-0.3849f,-0.0307f,-0.9225f,0f,0f,0f,0f,1f],start_interpolation: 0,interpolation_duration: 1}
$data merge entity $(bone_right_arm) {transformation: [-0.9914f,0.1126f,-0.0663f,-0.3125f,0.1285f,0.9323f,-0.338f,1.375f,0.0238f,-0.3436f,-0.9388f,0f,0f,0f,0f,1f],start_interpolation: 0,interpolation_duration: 1}
$data merge entity $(bone_left_arm) {transformation: [-0.983f,-0.1697f,0.0702f,0.3125f,-0.1832f,0.932f,-0.3128f,1.375f,-0.0123f,-0.3204f,-0.9472f,0f,0f,0f,0f,1f],start_interpolation: 0,interpolation_duration: 1}