# This file was generated by Animated Java via MC-Build. It is not recommended to edit this file directly.
$data merge entity $(bone_head) {transformation: [-0.9175f,0.0244f,0.3971f,0f,0.0105f,0.9993f,-0.0371f,1.5f,-0.3977f,-0.0299f,-0.917f,0f,0f,0f,0f,1f],start_interpolation: 0,interpolation_duration: 1}
$data merge entity $(bone_right_arm) {transformation: [-0.9914f,0.1132f,-0.0652f,-0.3125f,0.1285f,0.9339f,-0.3337f,1.375f,0.0231f,-0.3392f,-0.9404f,0f,0f,0f,0f,1f],start_interpolation: 0,interpolation_duration: 1}
$data merge entity $(bone_left_arm) {transformation: [-0.9829f,-0.1707f,0.0697f,0.3125f,-0.184f,0.9326f,-0.3105f,1.375f,-0.012f,-0.318f,-0.948f,0f,0f,0f,0f,1f],start_interpolation: 0,interpolation_duration: 1}