# This file was generated by Animated Java via MC-Build. It is not recommended to edit this file directly.
$data merge entity $(bone_head) {transformation: [-0.9131f,0.0251f,0.407f,0f,0.011f,0.9993f,-0.0369f,1.5f,-0.4077f,-0.0292f,-0.9127f,0f,0f,0f,0f,1f],start_interpolation: 0,interpolation_duration: 1}
$data merge entity $(bone_right_arm) {transformation: [-0.9914f,0.1138f,-0.064f,-0.3125f,0.1286f,0.9355f,-0.3291f,1.375f,0.0224f,-0.3345f,-0.9421f,0f,0f,0f,0f,1f],start_interpolation: 0,interpolation_duration: 1}
$data merge entity $(bone_left_arm) {transformation: [-0.9827f,-0.1717f,0.0693f,0.3125f,-0.1848f,0.9332f,-0.3081f,1.375f,-0.0118f,-0.3156f,-0.9488f,0f,0f,0f,0f,1f],start_interpolation: 0,interpolation_duration: 1}