# This file was generated by Animated Java via MC-Build. It is not recommended to edit this file directly.
$data merge entity $(bone_head) {transformation: [-0.9098f,0.0257f,0.4142f,0f,0.0114f,0.9993f,-0.0368f,1.5f,-0.4148f,-0.0288f,-0.9094f,0f,0f,0f,0f,1f],start_interpolation: 0,interpolation_duration: 1}
$data merge entity $(bone_right_arm) {transformation: [-0.9915f,0.1144f,-0.0628f,-0.3125f,0.1286f,0.9371f,-0.3243f,1.375f,0.0218f,-0.3297f,-0.9439f,0f,0f,0f,0f,1f],start_interpolation: 0,interpolation_duration: 1}
$data merge entity $(bone_left_arm) {transformation: [-0.9826f,-0.1727f,0.0688f,0.3125f,-0.1855f,0.9338f,-0.3058f,1.375f,-0.0115f,-0.3132f,-0.9496f,0f,0f,0f,0f,1f],start_interpolation: 0,interpolation_duration: 1}