# This file was generated by Animated Java via MC-Build. It is not recommended to edit this file directly.
$data merge entity $(bone_head) {transformation: [-0.9078f,0.026f,0.4185f,0f,0.0117f,0.9993f,-0.0368f,1.5f,-0.4192f,-0.0285f,-0.9075f,0f,0f,0f,0f,1f],start_interpolation: 0,interpolation_duration: 1}
$data merge entity $(bone_right_arm) {transformation: [-0.9915f,0.115f,-0.0615f,-0.3125f,0.1287f,0.9388f,-0.3194f,1.375f,0.021f,-0.3246f,-0.9456f,0f,0f,0f,0f,1f],start_interpolation: 0,interpolation_duration: 1}
$data merge entity $(bone_left_arm) {transformation: [-0.9824f,-0.1737f,0.0684f,0.3125f,-0.1863f,0.9345f,-0.3034f,1.375f,-0.0112f,-0.3109f,-0.9504f,0f,0f,0f,0f,1f],start_interpolation: 0,interpolation_duration: 1}