# This file was generated by Animated Java via MC-Build. It is not recommended to edit this file directly.
$data merge entity $(bone_head) {transformation: [-0.9072f,0.0261f,0.42f,0f,0.0117f,0.9993f,-0.0367f,1.5f,-0.4206f,-0.0284f,-0.9068f,0f,0f,0f,0f,1f],start_interpolation: 0,interpolation_duration: 1}
$data merge entity $(bone_right_arm) {transformation: [-0.9915f,0.1156f,-0.0602f,-0.3125f,0.1288f,0.9406f,-0.3143f,1.375f,0.0203f,-0.3193f,-0.9474f,0f,0f,0f,0f,1f],start_interpolation: 0,interpolation_duration: 1}
$data merge entity $(bone_left_arm) {transformation: [-0.9823f,-0.1747f,0.0679f,0.3125f,-0.1871f,0.9351f,-0.3011f,1.375f,-0.0109f,-0.3085f,-0.9512f,0f,0f,0f,0f,1f],start_interpolation: 0,interpolation_duration: 1}