# This file was generated by Animated Java via MC-Build. It is not recommended to edit this file directly.
$data merge entity $(bone_head) {transformation: [-0.9075f,0.0258f,0.4192f,0f,0.0118f,0.9993f,-0.036f,1.5f,-0.4198f,-0.0277f,-0.9072f,0f,0f,0f,0f,1f],start_interpolation: 0,interpolation_duration: 1}
$data merge entity $(bone_right_arm) {transformation: [-0.9915f,0.1163f,-0.0588f,-0.3125f,0.1288f,0.9423f,-0.309f,1.375f,0.0195f,-0.3139f,-0.9492f,0f,0f,0f,0f,1f],start_interpolation: 0,interpolation_duration: 1}
$data merge entity $(bone_left_arm) {transformation: [-0.9821f,-0.1757f,0.0674f,0.3125f,-0.1879f,0.9357f,-0.2987f,1.375f,-0.0106f,-0.3061f,-0.9519f,0f,0f,0f,0f,1f],start_interpolation: 0,interpolation_duration: 1}