# This file was generated by Animated Java via MC-Build. It is not recommended to edit this file directly.
$data merge entity $(bone_head) {transformation: [-0.9087f,0.025f,0.4168f,0f,0.0119f,0.9994f,-0.0339f,1.5f,-0.4174f,-0.0258f,-0.9084f,0f,0f,0f,0f,1f],start_interpolation: 0,interpolation_duration: 1}
$data merge entity $(bone_right_arm) {transformation: [-0.9915f,0.1169f,-0.0574f,-0.3125f,0.1289f,0.9441f,-0.3036f,1.375f,0.0187f,-0.3084f,-0.9511f,0f,0f,0f,0f,1f],start_interpolation: 0,interpolation_duration: 1}
$data merge entity $(bone_left_arm) {transformation: [-0.982f,-0.1767f,0.067f,0.3125f,-0.1886f,0.9363f,-0.2964f,1.375f,-0.0103f,-0.3037f,-0.9527f,0f,0f,0f,0f,1f],start_interpolation: 0,interpolation_duration: 1}