# This file was generated by Animated Java via MC-Build. It is not recommended to edit this file directly.
$data merge entity $(bone_head) {transformation: [-0.9105f,0.0236f,0.4128f,0f,0.0121f,0.9995f,-0.0303f,1.5f,-0.4133f,-0.0226f,-0.9103f,0f,0f,0f,0f,1f],start_interpolation: 0,interpolation_duration: 1}
$data merge entity $(bone_right_arm) {transformation: [-0.9915f,0.1176f,-0.056f,-0.3125f,0.129f,0.9458f,-0.298f,1.375f,0.0179f,-0.3027f,-0.9529f,0f,0f,0f,0f,1f],start_interpolation: 0,interpolation_duration: 1}
$data merge entity $(bone_left_arm) {transformation: [-0.9818f,-0.1776f,0.0665f,0.3125f,-0.1894f,0.9368f,-0.294f,1.375f,-0.01f,-0.3013f,-0.9535f,0f,0f,0f,0f,1f],start_interpolation: 0,interpolation_duration: 1}