# This file was generated by Animated Java via MC-Build. It is not recommended to edit this file directly.
$data merge entity $(bone_head) {transformation: [-0.9807f,-0.0397f,0.1915f,0f,-0.0036f,0.9827f,0.1853f,1.5f,-0.1956f,0.181f,-0.9638f,0f,0f,0f,0f,1f],start_interpolation: 0,interpolation_duration: 1}
$data merge entity $(bone_right_arm) {transformation: [-0.9915f,0.1279f,-0.0256f,-0.3125f,0.1304f,0.9744f,-0.183f,1.375f,0.0015f,-0.1848f,-0.9828f,0f,0f,0f,0f,1f],start_interpolation: 0,interpolation_duration: 1}
$data merge entity $(bone_left_arm) {transformation: [-0.9767f,-0.2092f,0.0483f,0.3125f,-0.2147f,0.9523f,-0.2167f,1.375f,-0.0007f,-0.2221f,-0.975f,0f,0f,0f,0f,1f],start_interpolation: 0,interpolation_duration: 1}