# This file was generated by Animated Java via MC-Build. It is not recommended to edit this file directly.
$data merge entity $(bone_head) {transformation: [-0.913f,0.0217f,0.4073f,0f,0.0124f,0.9996f,-0.0253f,1.5f,-0.4077f,-0.018f,-0.9129f,0f,0f,0f,0f,1f],start_interpolation: 0,interpolation_duration: 1}
$data merge entity $(bone_right_arm) {transformation: [-0.9915f,0.1182f,-0.0545f,-0.3125f,0.1291f,0.9476f,-0.2924f,1.375f,0.0171f,-0.2969f,-0.9548f,0f,0f,0f,0f,1f],start_interpolation: 0,interpolation_duration: 1}
$data merge entity $(bone_left_arm) {transformation: [-0.9817f,-0.1786f,0.066f,0.3125f,-0.1902f,0.9374f,-0.2917f,1.375f,-0.0098f,-0.2989f,-0.9542f,0f,0f,0f,0f,1f],start_interpolation: 0,interpolation_duration: 1}