# This file was generated by Animated Java via MC-Build. It is not recommended to edit this file directly.
$data merge entity $(bone_head) {transformation: [-0.9162f,0.0194f,0.4003f,0f,0.0128f,0.9997f,-0.019f,1.5f,-0.4005f,-0.0123f,-0.9162f,0f,0f,0f,0f,1f],start_interpolation: 0,interpolation_duration: 1}
$data merge entity $(bone_right_arm) {transformation: [-0.9915f,0.1189f,-0.053f,-0.3125f,0.1291f,0.9493f,-0.2866f,1.375f,0.0163f,-0.291f,-0.9566f,0f,0f,0f,0f,1f],start_interpolation: 0,interpolation_duration: 1}
$data merge entity $(bone_left_arm) {transformation: [-0.9816f,-0.1796f,0.0655f,0.3125f,-0.191f,0.938f,-0.2893f,1.375f,-0.0095f,-0.2965f,-0.955f,0f,0f,0f,0f,1f],start_interpolation: 0,interpolation_duration: 1}