# This file was generated by Animated Java via MC-Build. It is not recommended to edit this file directly.
$data merge entity $(bone_head) {transformation: [-0.9199f,0.0167f,0.3918f,0f,0.0133f,0.9998f,-0.0114f,1.5f,-0.3919f,-0.0052f,-0.92f,0f,0f,0f,0f,1f],start_interpolation: 0,interpolation_duration: 1}
$data merge entity $(bone_right_arm) {transformation: [-0.9915f,0.1195f,-0.0515f,-0.3125f,0.1292f,0.951f,-0.2808f,1.375f,0.0154f,-0.2851f,-0.9584f,0f,0f,0f,0f,1f],start_interpolation: 0,interpolation_duration: 1}
$data merge entity $(bone_left_arm) {transformation: [-0.9814f,-0.1806f,0.065f,0.3125f,-0.1917f,0.9386f,-0.287f,1.375f,-0.0092f,-0.2941f,-0.9557f,0f,0f,0f,0f,1f],start_interpolation: 0,interpolation_duration: 1}