# This file was generated by Animated Java via MC-Build. It is not recommended to edit this file directly.
$data merge entity $(bone_head) {transformation: [-0.9241f,0.0138f,0.3818f,0f,0.0139f,0.9999f,-0.0025f,1.5f,-0.3818f,0.003f,-0.9242f,0f,0f,0f,0f,1f],start_interpolation: 0,interpolation_duration: 1}
$data merge entity $(bone_right_arm) {transformation: [-0.9915f,0.1201f,-0.05f,-0.3125f,0.1293f,0.9527f,-0.275f,1.375f,0.0146f,-0.2791f,-0.9601f,0f,0f,0f,0f,1f],start_interpolation: 0,interpolation_duration: 1}
$data merge entity $(bone_left_arm) {transformation: [-0.9813f,-0.1816f,0.0645f,0.3125f,-0.1925f,0.9391f,-0.2846f,1.375f,-0.0089f,-0.2917f,-0.9565f,0f,0f,0f,0f,1f],start_interpolation: 0,interpolation_duration: 1}