# This file was generated by Animated Java via MC-Build. It is not recommended to edit this file directly.
$data merge entity $(bone_head) {transformation: [-0.9288f,0.0107f,0.3705f,0f,0.0145f,0.9999f,0.0075f,1.5f,-0.3704f,0.0123f,-0.9288f,0f,0f,0f,0f,1f],start_interpolation: 0,interpolation_duration: 1}
$data merge entity $(bone_right_arm) {transformation: [-0.9915f,0.1207f,-0.0485f,-0.3125f,0.1293f,0.9544f,-0.2692f,1.375f,0.0138f,-0.2732f,-0.9619f,0f,0f,0f,0f,1f],start_interpolation: 0,interpolation_duration: 1}
$data merge entity $(bone_left_arm) {transformation: [-0.9811f,-0.1826f,0.064f,0.3125f,-0.1933f,0.9397f,-0.2823f,1.375f,-0.0086f,-0.2893f,-0.9572f,0f,0f,0f,0f,1f],start_interpolation: 0,interpolation_duration: 1}