# This file was generated by Animated Java via MC-Build. It is not recommended to edit this file directly.
$data merge entity $(bone_head) {transformation: [-0.9337f,0.0075f,0.3579f,0f,0.0152f,0.9997f,0.0185f,1.5f,-0.3577f,0.0227f,-0.9336f,0f,0f,0f,0f,1f],start_interpolation: 0,interpolation_duration: 1}
$data merge entity $(bone_right_arm) {transformation: [-0.9915f,0.1213f,-0.0469f,-0.3125f,0.1294f,0.956f,-0.2633f,1.375f,0.0129f,-0.2672f,-0.9636f,0f,0f,0f,0f,1f],start_interpolation: 0,interpolation_duration: 1}
$data merge entity $(bone_left_arm) {transformation: [-0.981f,-0.1836f,0.0635f,0.3125f,-0.1941f,0.9402f,-0.2799f,1.375f,-0.0083f,-0.2869f,-0.9579f,0f,0f,0f,0f,1f],start_interpolation: 0,interpolation_duration: 1}