# This file was generated by Animated Java via MC-Build. It is not recommended to edit this file directly.
$data merge entity $(bone_head) {transformation: [-0.9389f,0.0044f,0.3442f,0f,0.0159f,0.9994f,0.0306f,1.5f,-0.3438f,0.0342f,-0.9384f,0f,0f,0f,0f,1f],start_interpolation: 0,interpolation_duration: 1}
$data merge entity $(bone_right_arm) {transformation: [-0.9915f,0.1219f,-0.0454f,-0.3125f,0.1295f,0.9576f,-0.2575f,1.375f,0.0121f,-0.2612f,-0.9652f,0f,0f,0f,0f,1f],start_interpolation: 0,interpolation_duration: 1}
$data merge entity $(bone_left_arm) {transformation: [-0.9808f,-0.1845f,0.063f,0.3125f,-0.1948f,0.9407f,-0.2775f,1.375f,-0.008f,-0.2845f,-0.9586f,0f,0f,0f,0f,1f],start_interpolation: 0,interpolation_duration: 1}