# This file was generated by Animated Java via MC-Build. It is not recommended to edit this file directly.
$data merge entity $(bone_head) {transformation: [-0.9442f,0.0015f,0.3293f,0f,0.0168f,0.9989f,0.0435f,1.5f,-0.3289f,0.0466f,-0.9432f,0f,0f,0f,0f,1f],start_interpolation: 0,interpolation_duration: 1}
$data merge entity $(bone_right_arm) {transformation: [-0.9915f,0.1224f,-0.0439f,-0.3125f,0.1296f,0.9591f,-0.2517f,1.375f,0.0113f,-0.2553f,-0.9668f,0f,0f,0f,0f,1f],start_interpolation: 0,interpolation_duration: 1}
$data merge entity $(bone_left_arm) {transformation: [-0.9807f,-0.1855f,0.0625f,0.3125f,-0.1956f,0.9413f,-0.2752f,1.375f,-0.0077f,-0.2821f,-0.9594f,0f,0f,0f,0f,1f],start_interpolation: 0,interpolation_duration: 1}