# This file was generated by Animated Java via MC-Build. It is not recommended to edit this file directly.
$data merge entity $(bone_head) {transformation: [-0.9496f,-0.0012f,0.3136f,0f,0.0176f,0.9982f,0.0571f,1.5f,-0.3131f,0.0598f,-0.9479f,0f,0f,0f,0f,1f],start_interpolation: 0,interpolation_duration: 1}
$data merge entity $(bone_right_arm) {transformation: [-0.9915f,0.123f,-0.0424f,-0.3125f,0.1296f,0.9606f,-0.246f,1.375f,0.0104f,-0.2494f,-0.9683f,0f,0f,0f,0f,1f],start_interpolation: 0,interpolation_duration: 1}
$data merge entity $(bone_left_arm) {transformation: [-0.9805f,-0.1865f,0.0619f,0.3125f,-0.1964f,0.9418f,-0.2728f,1.375f,-0.0075f,-0.2797f,-0.9601f,0f,0f,0f,0f,1f],start_interpolation: 0,interpolation_duration: 1}