# This file was generated by Animated Java via MC-Build. It is not recommended to edit this file directly.
$data merge entity $(bone_head) {transformation: [-0.9549f,-0.0035f,0.297f,0f,0.0185f,0.9973f,0.0714f,1.5f,-0.2964f,0.0737f,-0.9522f,0f,0f,0f,0f,1f],start_interpolation: 0,interpolation_duration: 1}
$data merge entity $(bone_right_arm) {transformation: [-0.9915f,0.1235f,-0.0409f,-0.3125f,0.1297f,0.962f,-0.2404f,1.375f,0.0096f,-0.2436f,-0.9698f,0f,0f,0f,0f,1f],start_interpolation: 0,interpolation_duration: 1}
$data merge entity $(bone_left_arm) {transformation: [-0.9803f,-0.1875f,0.0614f,0.3125f,-0.1971f,0.9423f,-0.2705f,1.375f,-0.0072f,-0.2773f,-0.9608f,0f,0f,0f,0f,1f],start_interpolation: 0,interpolation_duration: 1}