# This file was generated by Animated Java via MC-Build. It is not recommended to edit this file directly.
$data merge entity $(bone_head) {transformation: [-0.9842f,-0.0357f,0.1735f,0f,-0.0047f,0.9844f,0.1761f,1.5f,-0.1771f,0.1725f,-0.969f,0f,0f,0f,0f,1f],start_interpolation: 0,interpolation_duration: 1}
$data merge entity $(bone_right_arm) {transformation: [-0.9915f,0.1277f,-0.0264f,-0.3125f,0.1304f,0.9738f,-0.1862f,1.375f,0.002f,-0.1881f,-0.9821f,0f,0f,0f,0f,1f],start_interpolation: 0,interpolation_duration: 1}
$data merge entity $(bone_left_arm) {transformation: [-0.9768f,-0.2085f,0.0487f,0.3125f,-0.2141f,0.9521f,-0.2184f,1.375f,-0.0009f,-0.2237f,-0.9746f,0f,0f,0f,0f,1f],start_interpolation: 0,interpolation_duration: 1}