# This file was generated by Animated Java via MC-Build. It is not recommended to edit this file directly.
$data merge entity $(bone_head) {transformation: [-0.9601f,-0.0054f,0.2797f,0f,0.0195f,0.9961f,0.0862f,1.5f,-0.2791f,0.0882f,-0.9562f,0f,0f,0f,0f,1f],start_interpolation: 0,interpolation_duration: 1}
$data merge entity $(bone_right_arm) {transformation: [-0.9915f,0.124f,-0.0394f,-0.3125f,0.1298f,0.9633f,-0.2348f,1.375f,0.0089f,-0.2379f,-0.9712f,0f,0f,0f,0f,1f],start_interpolation: 0,interpolation_duration: 1}
$data merge entity $(bone_left_arm) {transformation: [-0.9802f,-0.1884f,0.0609f,0.3125f,-0.1979f,0.9428f,-0.2681f,1.375f,-0.0069f,-0.2748f,-0.9615f,0f,0f,0f,0f,1f],start_interpolation: 0,interpolation_duration: 1}