# This file was generated by Animated Java via MC-Build. It is not recommended to edit this file directly.
$data merge entity $(bone_head) {transformation: [-0.965f,-0.0069f,0.262f,0f,0.0204f,0.9946f,0.1013f,1.5f,-0.2613f,0.1031f,-0.9597f,0f,0f,0f,0f,1f],start_interpolation: 0,interpolation_duration: 1}
$data merge entity $(bone_right_arm) {transformation: [-0.9915f,0.1244f,-0.038f,-0.3125f,0.1298f,0.9646f,-0.2294f,1.375f,0.0081f,-0.2324f,-0.9726f,0f,0f,0f,0f,1f],start_interpolation: 0,interpolation_duration: 1}
$data merge entity $(bone_left_arm) {transformation: [-0.98f,-0.1894f,0.0604f,0.3125f,-0.1987f,0.9433f,-0.2657f,1.375f,-0.0066f,-0.2724f,-0.9622f,0f,0f,0f,0f,1f],start_interpolation: 0,interpolation_duration: 1}