# This file was generated by Animated Java via MC-Build. It is not recommended to edit this file directly.
$data merge entity $(bone_head) {transformation: [-0.9698f,-0.0077f,0.244f,0f,0.0214f,0.9929f,0.1166f,1.5f,-0.2432f,0.1183f,-0.9627f,0f,0f,0f,0f,1f],start_interpolation: 0,interpolation_duration: 1}
$data merge entity $(bone_right_arm) {transformation: [-0.9915f,0.1249f,-0.0366f,-0.3125f,0.1299f,0.9659f,-0.2241f,1.375f,0.0073f,-0.227f,-0.9739f,0f,0f,0f,0f,1f],start_interpolation: 0,interpolation_duration: 1}
$data merge entity $(bone_left_arm) {transformation: [-0.9799f,-0.1904f,0.0598f,0.3125f,-0.1995f,0.9438f,-0.2634f,1.375f,-0.0063f,-0.27f,-0.9628f,0f,0f,0f,0f,1f],start_interpolation: 0,interpolation_duration: 1}