# This file was generated by Animated Java via MC-Build. It is not recommended to edit this file directly.
$data merge entity $(bone_head) {transformation: [-0.9741f,-0.0081f,0.2258f,0f,0.0224f,0.991f,0.1321f,1.5f,-0.2248f,0.1337f,-0.9652f,0f,0f,0f,0f,1f],start_interpolation: 0,interpolation_duration: 1}
$data merge entity $(bone_right_arm) {transformation: [-0.9915f,0.1253f,-0.0352f,-0.3125f,0.13f,0.967f,-0.219f,1.375f,0.0066f,-0.2218f,-0.9751f,0f,0f,0f,0f,1f],start_interpolation: 0,interpolation_duration: 1}
$data merge entity $(bone_left_arm) {transformation: [-0.9797f,-0.1914f,0.0593f,0.3125f,-0.2002f,0.9443f,-0.261f,1.375f,-0.006f,-0.2676f,-0.9635f,0f,0f,0f,0f,1f],start_interpolation: 0,interpolation_duration: 1}