# This file was generated by Animated Java via MC-Build. It is not recommended to edit this file directly.
$data merge entity $(bone_head) {transformation: [-0.9782f,-0.0078f,0.2077f,0f,0.0234f,0.9888f,0.1474f,1.5f,-0.2065f,0.1491f,-0.967f,0f,0f,0f,0f,1f],start_interpolation: 0,interpolation_duration: 1}
$data merge entity $(bone_right_arm) {transformation: [-0.9915f,0.1257f,-0.0339f,-0.3125f,0.13f,0.9681f,-0.2141f,1.375f,0.0059f,-0.2167f,-0.9762f,0f,0f,0f,0f,1f],start_interpolation: 0,interpolation_duration: 1}
$data merge entity $(bone_left_arm) {transformation: [-0.9796f,-0.1923f,0.0587f,0.3125f,-0.201f,0.9448f,-0.2587f,1.375f,-0.0057f,-0.2652f,-0.9642f,0f,0f,0f,0f,1f],start_interpolation: 0,interpolation_duration: 1}