# This file was generated by Animated Java via MC-Build. It is not recommended to edit this file directly.
$data merge entity $(bone_head) {transformation: [-0.9818f,-0.0071f,0.1898f,0f,0.0243f,0.9864f,0.1626f,1.5f,-0.1884f,0.1642f,-0.9683f,0f,0f,0f,0f,1f],start_interpolation: 0,interpolation_duration: 1}
$data merge entity $(bone_right_arm) {transformation: [-0.9915f,0.126f,-0.0326f,-0.3125f,0.1301f,0.9691f,-0.2094f,1.375f,0.0052f,-0.2119f,-0.9773f,0f,0f,0f,0f,1f],start_interpolation: 0,interpolation_duration: 1}
$data merge entity $(bone_left_arm) {transformation: [-0.9794f,-0.1933f,0.0582f,0.3125f,-0.2018f,0.9453f,-0.2563f,1.375f,-0.0055f,-0.2628f,-0.9648f,0f,0f,0f,0f,1f],start_interpolation: 0,interpolation_duration: 1}