# This file was generated by Animated Java via MC-Build. It is not recommended to edit this file directly.
$data merge entity $(bone_head) {transformation: [-0.985f,-0.0058f,0.1724f,0f,0.0253f,0.9838f,0.1774f,1.5f,-0.1706f,0.1791f,-0.9689f,0f,0f,0f,0f,1f],start_interpolation: 0,interpolation_duration: 1}
$data merge entity $(bone_right_arm) {transformation: [-0.9915f,0.1264f,-0.0314f,-0.3125f,0.1301f,0.9701f,-0.2049f,1.375f,0.0046f,-0.2072f,-0.9783f,0f,0f,0f,0f,1f],start_interpolation: 0,interpolation_duration: 1}
$data merge entity $(bone_left_arm) {transformation: [-0.9793f,-0.1943f,0.0576f,0.3125f,-0.2026f,0.9458f,-0.2539f,1.375f,-0.0052f,-0.2603f,-0.9655f,0f,0f,0f,0f,1f],start_interpolation: 0,interpolation_duration: 1}