# This file was generated by Animated Java via MC-Build. It is not recommended to edit this file directly.
$data merge entity $(bone_head) {transformation: [-0.9878f,-0.004f,0.1555f,0f,0.0262f,0.9811f,0.1917f,1.5f,-0.1534f,0.1934f,-0.9691f,0f,0f,0f,0f,1f],start_interpolation: 0,interpolation_duration: 1}
$data merge entity $(bone_right_arm) {transformation: [-0.9915f,0.1267f,-0.0303f,-0.3125f,0.1302f,0.971f,-0.2006f,1.375f,0.004f,-0.2029f,-0.9792f,0f,0f,0f,0f,1f],start_interpolation: 0,interpolation_duration: 1}
$data merge entity $(bone_left_arm) {transformation: [-0.9791f,-0.1952f,0.0571f,0.3125f,-0.2033f,0.9462f,-0.2516f,1.375f,-0.0049f,-0.2579f,-0.9662f,0f,0f,0f,0f,1f],start_interpolation: 0,interpolation_duration: 1}