# This file was generated by Animated Java via MC-Build. It is not recommended to edit this file directly.
$data merge entity $(bone_head) {transformation: [-0.9902f,-0.0019f,0.1394f,0f,0.0271f,0.9783f,0.2053f,1.5f,-0.1368f,0.2071f,-0.9687f,0f,0f,0f,0f,1f],start_interpolation: 0,interpolation_duration: 1}
$data merge entity $(bone_right_arm) {transformation: [-0.9915f,0.127f,-0.0292f,-0.3125f,0.1302f,0.9718f,-0.1966f,1.375f,0.0034f,-0.1987f,-0.98f,0f,0f,0f,0f,1f],start_interpolation: 0,interpolation_duration: 1}
$data merge entity $(bone_left_arm) {transformation: [-0.9789f,-0.1962f,0.0565f,0.3125f,-0.2041f,0.9467f,-0.2492f,1.375f,-0.0046f,-0.2555f,-0.9668f,0f,0f,0f,0f,1f],start_interpolation: 0,interpolation_duration: 1}