# This file was generated by Animated Java via MC-Build. It is not recommended to edit this file directly.
$data merge entity $(bone_head) {transformation: [-0.9922f,0.0006f,0.1243f,0f,0.0279f,0.9755f,0.2183f,1.5f,-0.1211f,0.22f,-0.9679f,0f,0f,0f,0f,1f],start_interpolation: 0,interpolation_duration: 1}
$data merge entity $(bone_right_arm) {transformation: [-0.9915f,0.1272f,-0.0282f,-0.3125f,0.1303f,0.9725f,-0.1928f,1.375f,0.0029f,-0.1949f,-0.9808f,0f,0f,0f,0f,1f],start_interpolation: 0,interpolation_duration: 1}
$data merge entity $(bone_left_arm) {transformation: [-0.9788f,-0.1971f,0.0559f,0.3125f,-0.2049f,0.9472f,-0.2468f,1.375f,-0.0043f,-0.2531f,-0.9674f,0f,0f,0f,0f,1f],start_interpolation: 0,interpolation_duration: 1}