# This file was generated by Animated Java via MC-Build. It is not recommended to edit this file directly.
$data merge entity $(bone_head) {transformation: [-0.9877f,-0.0317f,0.1534f,0f,-0.0058f,0.9861f,0.166f,1.5f,-0.1565f,0.163f,-0.9741f,0f,0f,0f,0f,1f],start_interpolation: 0,interpolation_duration: 1}
$data merge entity $(bone_right_arm) {transformation: [-0.9915f,0.1274f,-0.0274f,-0.3125f,0.1303f,0.9731f,-0.1899f,1.375f,0.0025f,-0.1918f,-0.9814f,0f,0f,0f,0f,1f],start_interpolation: 0,interpolation_duration: 1}
$data merge entity $(bone_left_arm) {transformation: [-0.9769f,-0.2078f,0.0492f,0.3125f,-0.2136f,0.9518f,-0.2202f,1.375f,-0.0011f,-0.2256f,-0.9742f,0f,0f,0f,0f,1f],start_interpolation: 0,interpolation_duration: 1}