# This file was generated by Animated Java via MC-Build. It is not recommended to edit this file directly.
$data merge entity $(bone_head) {transformation: [-0.9939f,0.0032f,0.1101f,0f,0.0286f,0.9727f,0.2303f,1.5f,-0.1064f,0.2321f,-0.9669f,0f,0f,0f,0f,1f],start_interpolation: 0,interpolation_duration: 1}
$data merge entity $(bone_right_arm) {transformation: [-0.9915f,0.1275f,-0.0273f,-0.3125f,0.1303f,0.9732f,-0.1894f,1.375f,0.0024f,-0.1913f,-0.9815f,0f,0f,0f,0f,1f],start_interpolation: 0,interpolation_duration: 1}
$data merge entity $(bone_left_arm) {transformation: [-0.9786f,-0.1981f,0.0553f,0.3125f,-0.2056f,0.9476f,-0.2445f,1.375f,-0.004f,-0.2506f,-0.9681f,0f,0f,0f,0f,1f],start_interpolation: 0,interpolation_duration: 1}