# This file was generated by Animated Java via MC-Build. It is not recommended to edit this file directly.
$data merge entity $(bone_head) {transformation: [-0.9952f,0.0059f,0.0972f,0f,0.0293f,0.97f,0.2415f,1.5f,-0.0928f,0.2432f,-0.9655f,0f,0f,0f,0f,1f],start_interpolation: 0,interpolation_duration: 1}
$data merge entity $(bone_right_arm) {transformation: [-0.9915f,0.1277f,-0.0264f,-0.3125f,0.1304f,0.9738f,-0.1862f,1.375f,0.002f,-0.188f,-0.9822f,0f,0f,0f,0f,1f],start_interpolation: 0,interpolation_duration: 1}
$data merge entity $(bone_left_arm) {transformation: [-0.9785f,-0.1991f,0.0548f,0.3125f,-0.2064f,0.948f,-0.2421f,1.375f,-0.0037f,-0.2482f,-0.9687f,0f,0f,0f,0f,1f],start_interpolation: 0,interpolation_duration: 1}