# This file was generated by Animated Java via MC-Build. It is not recommended to edit this file directly.
$data merge entity $(bone_head) {transformation: [-0.9963f,0.0086f,0.0855f,0f,0.03f,0.9674f,0.2515f,1.5f,-0.0805f,0.2531f,-0.9641f,0f,0f,0f,0f,1f],start_interpolation: 0,interpolation_duration: 1}
$data merge entity $(bone_right_arm) {transformation: [-0.9915f,0.1279f,-0.0257f,-0.3125f,0.1304f,0.9744f,-0.1833f,1.375f,0.0016f,-0.1851f,-0.9827f,0f,0f,0f,0f,1f],start_interpolation: 0,interpolation_duration: 1}
$data merge entity $(bone_left_arm) {transformation: [-0.9783f,-0.2f,0.0542f,0.3125f,-0.2072f,0.9485f,-0.2397f,1.375f,-0.0034f,-0.2458f,-0.9693f,0f,0f,0f,0f,1f],start_interpolation: 0,interpolation_duration: 1}