# This file was generated by Animated Java via MC-Build. It is not recommended to edit this file directly.
$data merge entity $(bone_head) {transformation: [-0.9971f,0.0112f,0.0752f,0f,0.0305f,0.965f,0.2604f,1.5f,-0.0696f,0.2619f,-0.9626f,0f,0f,0f,0f,1f],start_interpolation: 0,interpolation_duration: 1}
$data merge entity $(bone_right_arm) {transformation: [-0.9915f,0.128f,-0.025f,-0.3125f,0.1304f,0.9748f,-0.1807f,1.375f,0.0012f,-0.1824f,-0.9832f,0f,0f,0f,0f,1f],start_interpolation: 0,interpolation_duration: 1}
$data merge entity $(bone_left_arm) {transformation: [-0.9781f,-0.201f,0.0536f,0.3125f,-0.208f,0.9489f,-0.2374f,1.375f,-0.0032f,-0.2433f,-0.9699f,0f,0f,0f,0f,1f],start_interpolation: 0,interpolation_duration: 1}