# This file was generated by Animated Java via MC-Build. It is not recommended to edit this file directly.
$data merge entity $(bone_head) {transformation: [-0.9977f,0.0136f,0.0664f,0f,0.031f,0.9629f,0.268f,1.5f,-0.0602f,0.2695f,-0.9611f,0f,0f,0f,0f,1f],start_interpolation: 0,interpolation_duration: 1}
$data merge entity $(bone_right_arm) {transformation: [-0.9915f,0.1282f,-0.0244f,-0.3125f,0.1305f,0.9753f,-0.1785f,1.375f,0.0009f,-0.1801f,-0.9836f,0f,0f,0f,0f,1f],start_interpolation: 0,interpolation_duration: 1}
$data merge entity $(bone_left_arm) {transformation: [-0.978f,-0.2019f,0.053f,0.3125f,-0.2087f,0.9493f,-0.235f,1.375f,-0.0029f,-0.2409f,-0.9705f,0f,0f,0f,0f,1f],start_interpolation: 0,interpolation_duration: 1}