# This file was generated by Animated Java via MC-Build. It is not recommended to edit this file directly.
$data merge entity $(bone_head) {transformation: [-0.9981f,0.0157f,0.0591f,0f,0.0314f,0.9611f,0.2744f,1.5f,-0.0524f,0.2757f,-0.9598f,0f,0f,0f,0f,1f],start_interpolation: 0,interpolation_duration: 1}
$data merge entity $(bone_right_arm) {transformation: [-0.9915f,0.1283f,-0.0238f,-0.3125f,0.1305f,0.9756f,-0.1766f,1.375f,0.0006f,-0.1782f,-0.984f,0f,0f,0f,0f,1f],start_interpolation: 0,interpolation_duration: 1}
$data merge entity $(bone_left_arm) {transformation: [-0.9778f,-0.2029f,0.0524f,0.3125f,-0.2095f,0.9497f,-0.2326f,1.375f,-0.0026f,-0.2384f,-0.9712f,0f,0f,0f,0f,1f],start_interpolation: 0,interpolation_duration: 1}