# This file was generated by Animated Java via MC-Build. It is not recommended to edit this file directly.
$data merge entity $(bone_head) {transformation: [-0.9984f,0.0174f,0.0533f,0f,0.0317f,0.9597f,0.2794f,1.5f,-0.0463f,0.2806f,-0.9587f,0f,0f,0f,0f,1f],start_interpolation: 0,interpolation_duration: 1}
$data merge entity $(bone_right_arm) {transformation: [-0.9914f,0.1284f,-0.0234f,-0.3125f,0.1305f,0.9759f,-0.175f,1.375f,0.0004f,-0.1765f,-0.9843f,0f,0f,0f,0f,1f],start_interpolation: 0,interpolation_duration: 1}
$data merge entity $(bone_left_arm) {transformation: [-0.9776f,-0.2038f,0.0518f,0.3125f,-0.2103f,0.9501f,-0.2303f,1.375f,-0.0023f,-0.236f,-0.9717f,0f,0f,0f,0f,1f],start_interpolation: 0,interpolation_duration: 1}