# This file was generated by Animated Java via MC-Build. It is not recommended to edit this file directly.
$data merge entity $(bone_head) {transformation: [-0.9986f,0.0187f,0.0492f,0f,0.0319f,0.9586f,0.2829f,1.5f,-0.0418f,0.2841f,-0.9579f,0f,0f,0f,0f,1f],start_interpolation: 0,interpolation_duration: 1}
$data merge entity $(bone_right_arm) {transformation: [-0.9914f,0.1284f,-0.0231f,-0.3125f,0.1305f,0.9761f,-0.1738f,1.375f,0.0002f,-0.1753f,-0.9845f,0f,0f,0f,0f,1f],start_interpolation: 0,interpolation_duration: 1}
$data merge entity $(bone_left_arm) {transformation: [-0.9775f,-0.2048f,0.0512f,0.3125f,-0.211f,0.9505f,-0.2279f,1.375f,-0.002f,-0.2336f,-0.9723f,0f,0f,0f,0f,1f],start_interpolation: 0,interpolation_duration: 1}