# This file was generated by Animated Java via MC-Build. It is not recommended to edit this file directly.
$data merge entity $(bone_head) {transformation: [-0.9987f,0.0195f,0.0467f,0f,0.032f,0.958f,0.2851f,1.5f,-0.0392f,0.2862f,-0.9574f,0f,0f,0f,0f,1f],start_interpolation: 0,interpolation_duration: 1}
$data merge entity $(bone_right_arm) {transformation: [-0.9914f,0.1285f,-0.0229f,-0.3125f,0.1305f,0.9763f,-0.1729f,1.375f,0.0001f,-0.1744f,-0.9847f,0f,0f,0f,0f,1f],start_interpolation: 0,interpolation_duration: 1}
$data merge entity $(bone_left_arm) {transformation: [-0.9773f,-0.2057f,0.0506f,0.3125f,-0.2118f,0.9509f,-0.2255f,1.375f,-0.0017f,-0.2311f,-0.9729f,0f,0f,0f,0f,1f],start_interpolation: 0,interpolation_duration: 1}