# This file was generated by Animated Java via MC-Build. It is not recommended to edit this file directly.
$data merge entity $(bone_head) {transformation: [-0.9988f,0.0198f,0.0459f,0f,0.0321f,0.9577f,0.2858f,1.5f,-0.0383f,0.287f,-0.9572f,0f,0f,0f,0f,1f],start_interpolation: 0,interpolation_duration: 1}
$data merge entity $(bone_right_arm) {transformation: [-0.9914f,0.1285f,-0.0227f,-0.3125f,0.1305f,0.9764f,-0.1723f,1.375f,0f,-0.1738f,-0.9848f,0f,0f,0f,0f,1f],start_interpolation: 0,interpolation_duration: 1}
$data merge entity $(bone_left_arm) {transformation: [-0.9771f,-0.2066f,0.05f,0.3125f,-0.2126f,0.9513f,-0.2232f,1.375f,-0.0014f,-0.2287f,-0.9735f,0f,0f,0f,0f,1f],start_interpolation: 0,interpolation_duration: 1}