# This file was generated by Animated Java via MC-Build. It is not recommended to edit this file directly.
$data merge entity $(bone_head) {transformation: [-0.9401f,0.0002f,-0.3408f,0f,0.0001f,1f,0.0004f,1.5f,0.3408f,0.0003f,-0.9401f,0f,0f,0f,0f,1f],start_interpolation: 0,interpolation_duration: 1}
$data merge entity $(bone_right_arm) {transformation: [-0.9914f,0.1307f,0f,-0.3125f,0.1246f,0.9455f,-0.3009f,1.375f,-0.0393f,-0.2983f,-0.9536f,0f,0f,0f,0f,1f],start_interpolation: 0,interpolation_duration: 1}
$data merge entity $(bone_left_arm) {transformation: [-0.9941f,-0.0757f,0.0776f,0.3125f,-0.0952f,0.9521f,-0.2907f,1.375f,-0.0519f,-0.2963f,-0.9537f,0f,0f,0f,0f,1f],start_interpolation: 0,interpolation_duration: 1}