# This file was generated by Animated Java via MC-Build. It is not recommended to edit this file directly.
$data merge entity $(bone_head) {transformation: [-0.9747f,0.0145f,-0.2229f,0f,0.0073f,0.9994f,0.0331f,1.5f,0.2232f,0.0306f,-0.9743f,0f,0f,0f,0f,1f],start_interpolation: 0,interpolation_duration: 1}
$data merge entity $(bone_right_arm) {transformation: [-0.9894f,0.1451f,-0.0013f,-0.3125f,0.1378f,0.9368f,-0.3216f,1.375f,-0.0454f,-0.3184f,-0.9469f,0f,0f,0f,0f,1f],start_interpolation: 0,interpolation_duration: 1}
$data merge entity $(bone_left_arm) {transformation: [-0.9927f,-0.1052f,0.0582f,0.3125f,-0.1182f,0.9431f,-0.3108f,1.375f,-0.0222f,-0.3154f,-0.9487f,0f,0f,0f,0f,1f],start_interpolation: 0,interpolation_duration: 1}