# This file was generated by Animated Java via MC-Build. It is not recommended to edit this file directly.
$data merge entity $(bone_head) {transformation: [-0.9614f,0.0317f,-0.2734f,0f,-0.0713f,0.9307f,0.3587f,1.5f,0.2658f,0.3643f,-0.8925f,0f,0f,0f,0f,1f],start_interpolation: 0,interpolation_duration: 1}
$data merge entity $(bone_right_arm) {transformation: [-0.9878f,0.1556f,-0.0027f,-0.3125f,0.1474f,0.93f,-0.3367f,1.375f,-0.0499f,-0.333f,-0.9416f,0f,0f,0f,0f,1f],start_interpolation: 0,interpolation_duration: 1}
$data merge entity $(bone_left_arm) {transformation: [-0.9909f,-0.1273f,0.0449f,0.3125f,-0.1349f,0.9357f,-0.326f,1.375f,-0.0005f,-0.3291f,-0.9443f,0f,0f,0f,0f,1f],start_interpolation: 0,interpolation_duration: 1}