# This file was generated by Animated Java via MC-Build. It is not recommended to edit this file directly.
$data merge entity $(bone_head) {transformation: [-0.9639f,0.0254f,-0.265f,0f,-0.0699f,0.9364f,0.344f,1.5f,0.2568f,0.3501f,-0.9008f,0f,0f,0f,0f,1f],start_interpolation: 0,interpolation_duration: 1}
$data merge entity $(bone_right_arm) {transformation: [-0.9874f,0.1584f,-0.0031f,-0.3125f,0.15f,0.9281f,-0.3407f,1.375f,-0.0511f,-0.3369f,-0.9402f,0f,0f,0f,0f,1f],start_interpolation: 0,interpolation_duration: 1}
$data merge entity $(bone_left_arm) {transformation: [-0.9902f,-0.1333f,0.0414f,0.3125f,-0.1394f,0.9336f,-0.3302f,1.375f,0.0053f,-0.3328f,-0.943f,0f,0f,0f,0f,1f],start_interpolation: 0,interpolation_duration: 1}