# This file was generated by Animated Java via MC-Build. It is not recommended to edit this file directly.
$data merge entity $(bone_head) {transformation: [-0.9665f,0.0192f,-0.2561f,0f,-0.0684f,0.9419f,0.3288f,1.5f,0.2475f,0.3352f,-0.909f,0f,0f,0f,0f,1f],start_interpolation: 0,interpolation_duration: 1}
$data merge entity $(bone_right_arm) {transformation: [-0.9869f,0.1613f,-0.0035f,-0.3125f,0.1526f,0.9262f,-0.3449f,1.375f,-0.0524f,-0.3409f,-0.9386f,0f,0f,0f,0f,1f],start_interpolation: 0,interpolation_duration: 1}
$data merge entity $(bone_left_arm) {transformation: [-0.9895f,-0.1394f,0.0379f,0.3125f,-0.144f,0.9313f,-0.3345f,1.375f,0.0113f,-0.3365f,-0.9416f,0f,0f,0f,0f,1f],start_interpolation: 0,interpolation_duration: 1}