# This file was generated by Animated Java via MC-Build. It is not recommended to edit this file directly.
$data merge entity $(bone_head) {transformation: [-0.969f,0.0132f,-0.2468f,0f,-0.0668f,0.9474f,0.3129f,1.5f,0.2379f,0.3197f,-0.9172f,0f,0f,0f,0f,1f],start_interpolation: 0,interpolation_duration: 1}
$data merge entity $(bone_right_arm) {transformation: [-0.9864f,0.1643f,-0.004f,-0.3125f,0.1553f,0.9241f,-0.3491f,1.375f,-0.0536f,-0.345f,-0.9371f,0f,0f,0f,0f,1f],start_interpolation: 0,interpolation_duration: 1}
$data merge entity $(bone_left_arm) {transformation: [-0.9887f,-0.1457f,0.0344f,0.3125f,-0.1487f,0.929f,-0.339f,1.375f,0.0175f,-0.3403f,-0.9402f,0f,0f,0f,0f,1f],start_interpolation: 0,interpolation_duration: 1}