# This file was generated by Animated Java via MC-Build. It is not recommended to edit this file directly.
$data merge entity $(bone_head) {transformation: [-0.9715f,0.0073f,-0.2371f,0f,-0.0652f,0.9528f,0.2965f,1.5f,0.228f,0.3035f,-0.9251f,0f,0f,0f,0f,1f],start_interpolation: 0,interpolation_duration: 1}
$data merge entity $(bone_right_arm) {transformation: [-0.9859f,0.1672f,-0.0046f,-0.3125f,0.158f,0.922f,-0.3533f,1.375f,-0.0549f,-0.3491f,-0.9355f,0f,0f,0f,0f,1f],start_interpolation: 0,interpolation_duration: 1}
$data merge entity $(bone_left_arm) {transformation: [-0.9879f,-0.1522f,0.0309f,0.3125f,-0.1535f,0.9265f,-0.3435f,1.375f,0.0237f,-0.3441f,-0.9386f,0f,0f,0f,0f,1f],start_interpolation: 0,interpolation_duration: 1}