# This file was generated by Animated Java via MC-Build. It is not recommended to edit this file directly.
$data merge entity $(bone_head) {transformation: [-0.9739f,0.0017f,-0.227f,0f,-0.0635f,0.958f,0.2797f,1.5f,0.2179f,0.2868f,-0.9329f,0f,0f,0f,0f,1f],start_interpolation: 0,interpolation_duration: 1}
$data merge entity $(bone_right_arm) {transformation: [-0.9854f,0.1703f,-0.0051f,-0.3125f,0.1608f,0.9199f,-0.3577f,1.375f,-0.0562f,-0.3532f,-0.9338f,0f,0f,0f,0f,1f],start_interpolation: 0,interpolation_duration: 1}
$data merge entity $(bone_left_arm) {transformation: [-0.9869f,-0.1587f,0.0274f,0.3125f,-0.1583f,0.924f,-0.3482f,1.375f,0.03f,-0.3479f,-0.937f,0f,0f,0f,0f,1f],start_interpolation: 0,interpolation_duration: 1}