# This file was generated by Animated Java via MC-Build. It is not recommended to edit this file directly.
$data merge entity $(bone_head) {transformation: [-0.9763f,-0.0036f,-0.2166f,0f,-0.0618f,0.963f,0.2624f,1.5f,0.2076f,0.2696f,-0.9403f,0f,0f,0f,0f,1f],start_interpolation: 0,interpolation_duration: 1}
$data merge entity $(bone_right_arm) {transformation: [-0.9849f,0.1733f,-0.0057f,-0.3125f,0.1636f,0.9177f,-0.362f,1.375f,-0.0575f,-0.3574f,-0.9322f,0f,0f,0f,0f,1f],start_interpolation: 0,interpolation_duration: 1}
$data merge entity $(bone_left_arm) {transformation: [-0.9859f,-0.1653f,0.0239f,0.3125f,-0.1631f,0.9214f,-0.3528f,1.375f,0.0363f,-0.3518f,-0.9354f,0f,0f,0f,0f,1f],start_interpolation: 0,interpolation_duration: 1}