# This file was generated by Animated Java via MC-Build. It is not recommended to edit this file directly.
$data merge entity $(bone_head) {transformation: [-0.9785f,-0.0086f,-0.206f,0f,-0.06f,0.9677f,0.2448f,1.5f,0.1972f,0.2519f,-0.9474f,0f,0f,0f,0f,1f],start_interpolation: 0,interpolation_duration: 1}
$data merge entity $(bone_right_arm) {transformation: [-0.9843f,0.1763f,-0.0063f,-0.3125f,0.1664f,0.9155f,-0.3663f,1.375f,-0.0588f,-0.3616f,-0.9305f,0f,0f,0f,0f,1f],start_interpolation: 0,interpolation_duration: 1}
$data merge entity $(bone_left_arm) {transformation: [-0.9849f,-0.1719f,0.0206f,0.3125f,-0.1678f,0.9187f,-0.3576f,1.375f,0.0426f,-0.3556f,-0.9337f,0f,0f,0f,0f,1f],start_interpolation: 0,interpolation_duration: 1}