# This file was generated by Animated Java via MC-Build. It is not recommended to edit this file directly.
$data merge entity $(bone_head) {transformation: [-0.9807f,-0.0132f,-0.1951f,0f,-0.0582f,0.9722f,0.227f,1.5f,0.1867f,0.2339f,-0.9542f,0f,0f,0f,0f,1f],start_interpolation: 0,interpolation_duration: 1}
$data merge entity $(bone_right_arm) {transformation: [-0.9838f,0.1793f,-0.007f,-0.3125f,0.1691f,0.9133f,-0.3706f,1.375f,-0.0601f,-0.3657f,-0.9288f,0f,0f,0f,0f,1f],start_interpolation: 0,interpolation_duration: 1}
$data merge entity $(bone_left_arm) {transformation: [-0.9838f,-0.1786f,0.0173f,0.3125f,-0.1726f,0.9159f,-0.3623f,1.375f,0.0489f,-0.3594f,-0.9319f,0f,0f,0f,0f,1f],start_interpolation: 0,interpolation_duration: 1}