# This file was generated by Animated Java via MC-Build. It is not recommended to edit this file directly.
$data merge entity $(bone_head) {transformation: [-0.9828f,-0.0174f,-0.184f,0f,-0.0564f,0.9763f,0.2089f,1.5f,0.176f,0.2157f,-0.9605f,0f,0f,0f,0f,1f],start_interpolation: 0,interpolation_duration: 1}
$data merge entity $(bone_right_arm) {transformation: [-0.9832f,0.1823f,-0.0076f,-0.3125f,0.1719f,0.911f,-0.3748f,1.375f,-0.0614f,-0.3698f,-0.9271f,0f,0f,0f,0f,1f],start_interpolation: 0,interpolation_duration: 1}
$data merge entity $(bone_left_arm) {transformation: [-0.9826f,-0.1851f,0.0141f,0.3125f,-0.1773f,0.9132f,-0.367f,1.375f,0.0551f,-0.3631f,-0.9301f,0f,0f,0f,0f,1f],start_interpolation: 0,interpolation_duration: 1}