# This file was generated by Animated Java via MC-Build. It is not recommended to edit this file directly.
$data merge entity $(bone_head) {transformation: [-0.9798f,0.0165f,-0.1992f,0f,0.0088f,0.9992f,0.0393f,1.5f,0.1996f,0.0368f,-0.9792f,0f,0f,0f,0f,1f],start_interpolation: 0,interpolation_duration: 1}
$data merge entity $(bone_right_arm) {transformation: [-0.989f,0.1479f,-0.0016f,-0.3125f,0.1404f,0.935f,-0.3257f,1.375f,-0.0466f,-0.3224f,-0.9455f,0f,0f,0f,0f,1f],start_interpolation: 0,interpolation_duration: 1}
$data merge entity $(bone_left_arm) {transformation: [-0.9923f,-0.1111f,0.0546f,0.3125f,-0.1227f,0.9412f,-0.3148f,1.375f,-0.0164f,-0.3191f,-0.9476f,0f,0f,0f,0f,1f],start_interpolation: 0,interpolation_duration: 1}