# This file was generated by Animated Java via MC-Build. It is not recommended to edit this file directly.
$data merge entity $(bone_head) {transformation: [-0.9847f,-0.0212f,-0.1729f,0f,-0.0546f,0.9801f,0.1907f,1.5f,0.1654f,0.1973f,-0.9663f,0f,0f,0f,0f,1f],start_interpolation: 0,interpolation_duration: 1}
$data merge entity $(bone_right_arm) {transformation: [-0.9827f,0.1852f,-0.0083f,-0.3125f,0.1745f,0.9088f,-0.379f,1.375f,-0.0626f,-0.3738f,-0.9254f,0f,0f,0f,0f,1f],start_interpolation: 0,interpolation_duration: 1}
$data merge entity $(bone_left_arm) {transformation: [-0.9814f,-0.1916f,0.011f,0.3125f,-0.1819f,0.9104f,-0.3716f,1.375f,0.0612f,-0.3667f,-0.9283f,0f,0f,0f,0f,1f],start_interpolation: 0,interpolation_duration: 1}