# This file was generated by Animated Java via MC-Build. It is not recommended to edit this file directly.
$data merge entity $(bone_head) {transformation: [-0.9865f,-0.0246f,-0.1617f,0f,-0.0528f,0.9836f,0.1725f,1.5f,0.1548f,0.1787f,-0.9716f,0f,0f,0f,0f,1f],start_interpolation: 0,interpolation_duration: 1}
$data merge entity $(bone_right_arm) {transformation: [-0.9821f,0.1881f,-0.009f,-0.3125f,0.1772f,0.9066f,-0.383f,1.375f,-0.0639f,-0.3778f,-0.9237f,0f,0f,0f,0f,1f],start_interpolation: 0,interpolation_duration: 1}
$data merge entity $(bone_left_arm) {transformation: [-0.9802f,-0.198f,0.0081f,0.3125f,-0.1864f,0.9076f,-0.3762f,1.375f,0.0672f,-0.3703f,-0.9265f,0f,0f,0f,0f,1f],start_interpolation: 0,interpolation_duration: 1}