# This file was generated by Animated Java via MC-Build. It is not recommended to edit this file directly.
$data merge entity $(bone_head) {transformation: [-0.9882f,-0.0275f,-0.1505f,0f,-0.051f,0.9867f,0.1544f,1.5f,0.1443f,0.1602f,-0.9765f,0f,0f,0f,0f,1f],start_interpolation: 0,interpolation_duration: 1}
$data merge entity $(bone_right_arm) {transformation: [-0.9816f,0.1909f,-0.0097f,-0.3125f,0.1797f,0.9044f,-0.387f,1.375f,-0.0651f,-0.3816f,-0.922f,0f,0f,0f,0f,1f],start_interpolation: 0,interpolation_duration: 1}
$data merge entity $(bone_left_arm) {transformation: [-0.9789f,-0.2042f,0.0052f,0.3125f,-0.1907f,0.9048f,-0.3807f,1.375f,0.073f,-0.3737f,-0.9247f,0f,0f,0f,0f,1f],start_interpolation: 0,interpolation_duration: 1}