# This file was generated by Animated Java via MC-Build. It is not recommended to edit this file directly.
$data merge entity $(bone_head) {transformation: [-0.9898f,-0.03f,-0.1394f,0f,-0.0492f,0.9894f,0.1363f,1.5f,0.1338f,0.1418f,-0.9808f,0f,0f,0f,0f,1f],start_interpolation: 0,interpolation_duration: 1}
$data merge entity $(bone_right_arm) {transformation: [-0.981f,0.1936f,-0.0104f,-0.3125f,0.1822f,0.9023f,-0.3908f,1.375f,-0.0662f,-0.3853f,-0.9204f,0f,0f,0f,0f,1f],start_interpolation: 0,interpolation_duration: 1}
$data merge entity $(bone_left_arm) {transformation: [-0.9777f,-0.2102f,0.0026f,0.3125f,-0.195f,0.902f,-0.3851f,1.375f,0.0786f,-0.377f,-0.9229f,0f,0f,0f,0f,1f],start_interpolation: 0,interpolation_duration: 1}