# This file was generated by Animated Java via MC-Build. It is not recommended to edit this file directly.
$data merge entity $(bone_head) {transformation: [-0.9912f,-0.032f,-0.1284f,0f,-0.0474f,0.9918f,0.1185f,1.5f,0.1235f,0.1235f,-0.9846f,0f,0f,0f,0f,1f],start_interpolation: 0,interpolation_duration: 1}
$data merge entity $(bone_right_arm) {transformation: [-0.9805f,0.1962f,-0.0111f,-0.3125f,0.1846f,0.9002f,-0.3944f,1.375f,-0.0673f,-0.3888f,-0.9189f,0f,0f,0f,0f,1f],start_interpolation: 0,interpolation_duration: 1}
$data merge entity $(bone_left_arm) {transformation: [-0.9764f,-0.216f,0.0001f,0.3125f,-0.199f,0.8993f,-0.3893f,1.375f,0.084f,-0.3802f,-0.9211f,0f,0f,0f,0f,1f],start_interpolation: 0,interpolation_duration: 1}