# This file was generated by Animated Java via MC-Build. It is not recommended to edit this file directly.
$data merge entity $(bone_head) {transformation: [-0.9925f,-0.0336f,-0.1176f,0f,-0.0456f,0.9938f,0.1009f,1.5f,0.1135f,0.1055f,-0.9879f,0f,0f,0f,0f,1f],start_interpolation: 0,interpolation_duration: 1}
$data merge entity $(bone_right_arm) {transformation: [-0.98f,0.1986f,-0.0118f,-0.3125f,0.1868f,0.8982f,-0.3979f,1.375f,-0.0684f,-0.3922f,-0.9173f,0f,0f,0f,0f,1f],start_interpolation: 0,interpolation_duration: 1}
$data merge entity $(bone_left_arm) {transformation: [-0.9751f,-0.2216f,-0.0023f,0.3125f,-0.2028f,0.8967f,-0.3934f,1.375f,0.0892f,-0.3832f,-0.9194f,0f,0f,0f,0f,1f],start_interpolation: 0,interpolation_duration: 1}