# This file was generated by Animated Java via MC-Build. It is not recommended to edit this file directly.
$data merge entity $(bone_head) {transformation: [-0.9937f,-0.0348f,-0.107f,0f,-0.0439f,0.9955f,0.0837f,1.5f,0.1036f,0.0879f,-0.9907f,0f,0f,0f,0f,1f],start_interpolation: 0,interpolation_duration: 1}
$data merge entity $(bone_right_arm) {transformation: [-0.9795f,0.2009f,-0.0125f,-0.3125f,0.189f,0.8963f,-0.4012f,1.375f,-0.0694f,-0.3954f,-0.9159f,0f,0f,0f,0f,1f],start_interpolation: 0,interpolation_duration: 1}
$data merge entity $(bone_left_arm) {transformation: [-0.9739f,-0.2269f,-0.0045f,0.3125f,-0.2065f,0.8942f,-0.3973f,1.375f,0.0941f,-0.386f,-0.9177f,0f,0f,0f,0f,1f],start_interpolation: 0,interpolation_duration: 1}