# This file was generated by Animated Java via MC-Build. It is not recommended to edit this file directly.
$data merge entity $(bone_head) {transformation: [-0.9947f,-0.0356f,-0.0967f,0f,-0.0422f,0.9969f,0.067f,1.5f,0.094f,0.0707f,-0.9931f,0f,0f,0f,0f,1f],start_interpolation: 0,interpolation_duration: 1}
$data merge entity $(bone_right_arm) {transformation: [-0.9791f,0.2031f,-0.0131f,-0.3125f,0.191f,0.8945f,-0.4043f,1.375f,-0.0704f,-0.3984f,-0.9145f,0f,0f,0f,0f,1f],start_interpolation: 0,interpolation_duration: 1}
$data merge entity $(bone_left_arm) {transformation: [-0.9727f,-0.2318f,-0.0065f,0.3125f,-0.2099f,0.8918f,-0.4009f,1.375f,0.0987f,-0.3886f,-0.9161f,0f,0f,0f,0f,1f],start_interpolation: 0,interpolation_duration: 1}