# This file was generated by Animated Java via MC-Build. It is not recommended to edit this file directly.
$data merge entity $(bone_head) {transformation: [-0.9956f,-0.036f,-0.0868f,0f,-0.0405f,0.9979f,0.0507f,1.5f,0.0848f,0.054f,-0.9949f,0f,0f,0f,0f,1f],start_interpolation: 0,interpolation_duration: 1}
$data merge entity $(bone_right_arm) {transformation: [-0.9786f,0.2052f,-0.0138f,-0.3125f,0.1929f,0.8927f,-0.4072f,1.375f,-0.0713f,-0.4011f,-0.9132f,0f,0f,0f,0f,1f],start_interpolation: 0,interpolation_duration: 1}
$data merge entity $(bone_left_arm) {transformation: [-0.9716f,-0.2365f,-0.0083f,0.3125f,-0.213f,0.8895f,-0.4043f,1.375f,0.103f,-0.3911f,-0.9146f,0f,0f,0f,0f,1f],start_interpolation: 0,interpolation_duration: 1}