# This file was generated by Animated Java via MC-Build. It is not recommended to edit this file directly.
$data merge entity $(bone_head) {transformation: [-0.9964f,-0.0362f,-0.0773f,0f,-0.039f,0.9986f,0.0351f,1.5f,0.0759f,0.038f,-0.9964f,0f,0f,0f,0f,1f],start_interpolation: 0,interpolation_duration: 1}
$data merge entity $(bone_right_arm) {transformation: [-0.9782f,0.207f,-0.0143f,-0.3125f,0.1946f,0.8912f,-0.4098f,1.375f,-0.0721f,-0.4037f,-0.912f,0f,0f,0f,0f,1f],start_interpolation: 0,interpolation_duration: 1}
$data merge entity $(bone_left_arm) {transformation: [-0.9705f,-0.2407f,-0.01f,0.3125f,-0.2159f,0.8873f,-0.4074f,1.375f,0.107f,-0.3933f,-0.9132f,0f,0f,0f,0f,1f],start_interpolation: 0,interpolation_duration: 1}