# This file was generated by Animated Java via MC-Build. It is not recommended to edit this file directly.
$data merge entity $(bone_head) {transformation: [-0.9846f,0.0182f,-0.1738f,0f,0.0104f,0.9989f,0.0459f,1.5f,0.1744f,0.0434f,-0.9837f,0f,0f,0f,0f,1f],start_interpolation: 0,interpolation_duration: 1}
$data merge entity $(bone_right_arm) {transformation: [-0.9885f,0.1509f,-0.002f,-0.3125f,0.1431f,0.9331f,-0.33f,1.375f,-0.0479f,-0.3265f,-0.944f,0f,0f,0f,0f,1f],start_interpolation: 0,interpolation_duration: 1}
$data merge entity $(bone_left_arm) {transformation: [-0.9918f,-0.1174f,0.0507f,0.3125f,-0.1275f,0.9391f,-0.3192f,1.375f,-0.0101f,-0.3231f,-0.9463f,0f,0f,0f,0f,1f],start_interpolation: 0,interpolation_duration: 1}