# This file was generated by Animated Java via MC-Build. It is not recommended to edit this file directly.
$data merge entity $(bone_head) {transformation: [-0.997f,-0.036f,-0.0682f,0f,-0.0374f,0.9991f,0.0201f,1.5f,0.0674f,0.0226f,-0.9975f,0f,0f,0f,0f,1f],start_interpolation: 0,interpolation_duration: 1}
$data merge entity $(bone_right_arm) {transformation: [-0.9779f,0.2087f,-0.0149f,-0.3125f,0.1962f,0.8897f,-0.4122f,1.375f,-0.0728f,-0.406f,-0.911f,0f,0f,0f,0f,1f],start_interpolation: 0,interpolation_duration: 1}
$data merge entity $(bone_left_arm) {transformation: [-0.9695f,-0.2446f,-0.0115f,0.3125f,-0.2185f,0.8854f,-0.4103f,1.375f,0.1105f,-0.3953f,-0.9119f,0f,0f,0f,0f,1f],start_interpolation: 0,interpolation_duration: 1}