# This file was generated by Animated Java via MC-Build. It is not recommended to edit this file directly.
$data merge entity $(bone_head) {transformation: [-0.9976f,-0.0356f,-0.0595f,0f,-0.036f,0.9993f,0.0059f,1.5f,0.0593f,0.008f,-0.9982f,0f,0f,0f,0f,1f],start_interpolation: 0,interpolation_duration: 1}
$data merge entity $(bone_right_arm) {transformation: [-0.9775f,0.2102f,-0.0154f,-0.3125f,0.1976f,0.8884f,-0.4144f,1.375f,-0.0735f,-0.4081f,-0.91f,0f,0f,0f,0f,1f],start_interpolation: 0,interpolation_duration: 1}
$data merge entity $(bone_left_arm) {transformation: [-0.9686f,-0.2481f,-0.0128f,0.3125f,-0.2209f,0.8836f,-0.4129f,1.375f,0.1137f,-0.3971f,-0.9107f,0f,0f,0f,0f,1f],start_interpolation: 0,interpolation_duration: 1}