# This file was generated by Animated Java via MC-Build. It is not recommended to edit this file directly.
$data merge entity $(bone_head) {transformation: [-0.9981f,-0.035f,-0.0514f,0f,-0.0346f,0.9994f,-0.0076f,1.5f,0.0517f,-0.0058f,-0.9986f,0f,0f,0f,0f,1f],start_interpolation: 0,interpolation_duration: 1}
$data merge entity $(bone_right_arm) {transformation: [-0.9772f,0.2116f,-0.0158f,-0.3125f,0.1988f,0.8872f,-0.4163f,1.375f,-0.0741f,-0.4099f,-0.9091f,0f,0f,0f,0f,1f],start_interpolation: 0,interpolation_duration: 1}
$data merge entity $(bone_left_arm) {transformation: [-0.9678f,-0.2512f,-0.0139f,0.3125f,-0.2229f,0.882f,-0.4151f,1.375f,0.1165f,-0.3987f,-0.9097f,0f,0f,0f,0f,1f],start_interpolation: 0,interpolation_duration: 1}