# This file was generated by Animated Java via MC-Build. It is not recommended to edit this file directly.
$data merge entity $(bone_head) {transformation: [-0.9985f,-0.0342f,-0.0439f,0f,-0.0334f,0.9992f,-0.0202f,1.5f,0.0445f,-0.0187f,-0.9988f,0f,0f,0f,0f,1f],start_interpolation: 0,interpolation_duration: 1}
$data merge entity $(bone_right_arm) {transformation: [-0.977f,0.2127f,-0.0162f,-0.3125f,0.1999f,0.8863f,-0.4179f,1.375f,-0.0746f,-0.4115f,-0.9084f,0f,0f,0f,0f,1f],start_interpolation: 0,interpolation_duration: 1}
$data merge entity $(bone_left_arm) {transformation: [-0.9671f,-0.2538f,-0.0149f,0.3125f,-0.2247f,0.8807f,-0.4171f,1.375f,0.119f,-0.4f,-0.9087f,0f,0f,0f,0f,1f],start_interpolation: 0,interpolation_duration: 1}