# This file was generated by Animated Java via MC-Build. It is not recommended to edit this file directly.
$data merge entity $(bone_head) {transformation: [-0.9988f,-0.0333f,-0.0369f,0f,-0.0322f,0.999f,-0.0319f,1.5f,0.0379f,-0.0307f,-0.9988f,0f,0f,0f,0f,1f],start_interpolation: 0,interpolation_duration: 1}
$data merge entity $(bone_right_arm) {transformation: [-0.9768f,0.2136f,-0.0165f,-0.3125f,0.2007f,0.8854f,-0.4192f,1.375f,-0.075f,-0.4128f,-0.9078f,0f,0f,0f,0f,1f],start_interpolation: 0,interpolation_duration: 1}
$data merge entity $(bone_left_arm) {transformation: [-0.9666f,-0.256f,-0.0157f,0.3125f,-0.2261f,0.8795f,-0.4187f,1.375f,0.1209f,-0.4011f,-0.908f,0f,0f,0f,0f,1f],start_interpolation: 0,interpolation_duration: 1}