# This file was generated by Animated Java via MC-Build. It is not recommended to edit this file directly.
$data merge entity $(bone_head) {transformation: [-0.999f,-0.0324f,-0.0305f,0f,-0.0311f,0.9986f,-0.0426f,1.5f,0.0319f,-0.0416f,-0.9986f,0f,0f,0f,0f,1f],start_interpolation: 0,interpolation_duration: 1}
$data merge entity $(bone_right_arm) {transformation: [-0.9766f,0.2144f,-0.0167f,-0.3125f,0.2014f,0.8848f,-0.4202f,1.375f,-0.0753f,-0.4138f,-0.9073f,0f,0f,0f,0f,1f],start_interpolation: 0,interpolation_duration: 1}
$data merge entity $(bone_left_arm) {transformation: [-0.9661f,-0.2577f,-0.0163f,0.3125f,-0.2273f,0.8786f,-0.4199f,1.375f,0.1225f,-0.402f,-0.9074f,0f,0f,0f,0f,1f],start_interpolation: 0,interpolation_duration: 1}