# This file was generated by Animated Java via MC-Build. It is not recommended to edit this file directly.
$data merge entity $(bone_head) {transformation: [-0.9992f,-0.0314f,-0.0248f,0f,-0.0301f,0.9982f,-0.0524f,1.5f,0.0264f,-0.0516f,-0.9983f,0f,0f,0f,0f,1f],start_interpolation: 0,interpolation_duration: 1}
$data merge entity $(bone_right_arm) {transformation: [-0.9765f,0.2149f,-0.0169f,-0.3125f,0.2019f,0.8843f,-0.421f,1.375f,-0.0755f,-0.4145f,-0.9069f,0f,0f,0f,0f,1f],start_interpolation: 0,interpolation_duration: 1}
$data merge entity $(bone_left_arm) {transformation: [-0.9658f,-0.2589f,-0.0167f,0.3125f,-0.2281f,0.878f,-0.4208f,1.375f,0.1236f,-0.4026f,-0.907f,0f,0f,0f,0f,1f],start_interpolation: 0,interpolation_duration: 1}