# This file was generated by Animated Java via MC-Build. It is not recommended to edit this file directly.
$data merge entity $(bone_head) {transformation: [-0.9994f,-0.0295f,-0.0152f,0f,-0.0284f,0.9972f,-0.0687f,1.5f,0.0172f,-0.0682f,-0.9975f,0f,0f,0f,0f,1f],start_interpolation: 0,interpolation_duration: 1}
$data merge entity $(bone_right_arm) {transformation: [-0.9764f,0.2153f,-0.017f,-0.3125f,0.2023f,0.884f,-0.4216f,1.375f,-0.0757f,-0.415f,-0.9066f,0f,0f,0f,0f,1f],start_interpolation: 0,interpolation_duration: 1}
$data merge entity $(bone_left_arm) {transformation: [-0.9655f,-0.2599f,-0.017f,0.3125f,-0.2287f,0.8775f,-0.4216f,1.375f,0.1245f,-0.4031f,-0.9066f,0f,0f,0f,0f,1f],start_interpolation: 0,interpolation_duration: 1}