# This file was generated by Animated Java via MC-Build. It is not recommended to edit this file directly.
$data merge entity $(bone_head) {transformation: [-0.989f,0.0197f,-0.1469f,0f,0.012f,0.9985f,0.0527f,1.5f,0.1477f,0.0503f,-0.9878f,0f,0f,0f,0f,1f],start_interpolation: 0,interpolation_duration: 1}
$data merge entity $(bone_right_arm) {transformation: [-0.9881f,0.1541f,-0.0024f,-0.3125f,0.146f,0.931f,-0.3346f,1.375f,-0.0493f,-0.3309f,-0.9424f,0f,0f,0f,0f,1f],start_interpolation: 0,interpolation_duration: 1}
$data merge entity $(bone_left_arm) {transformation: [-0.9912f,-0.1241f,0.0467f,0.3125f,-0.1326f,0.9368f,-0.3238f,1.375f,-0.0036f,-0.3272f,-0.945f,0f,0f,0f,0f,1f],start_interpolation: 0,interpolation_duration: 1}