# This file was generated by Animated Java via MC-Build. It is not recommended to edit this file directly.
$data merge entity $(bone_head) {transformation: [-0.9996f,-0.028f,-0.0083f,0f,-0.0272f,0.9964f,-0.0805f,1.5f,0.0105f,-0.0802f,-0.9967f,0f,0f,0f,0f,1f],start_interpolation: 0,interpolation_duration: 1}
$data merge entity $(bone_right_arm) {transformation: [-0.9765f,0.215f,-0.0169f,-0.3125f,0.202f,0.8843f,-0.4211f,1.375f,-0.0756f,-0.4146f,-0.9069f,0f,0f,0f,0f,1f],start_interpolation: 0,interpolation_duration: 1}
$data merge entity $(bone_left_arm) {transformation: [-0.9657f,-0.2591f,-0.0168f,0.3125f,-0.2282f,0.8779f,-0.421f,1.375f,0.1238f,-0.4027f,-0.9069f,0f,0f,0f,0f,1f],start_interpolation: 0,interpolation_duration: 1}