# This file was generated by Animated Java via MC-Build. It is not recommended to edit this file directly.
$data merge entity $(bone_head) {transformation: [-0.9996f,-0.0274f,-0.0059f,0f,-0.0268f,0.996f,-0.0847f,1.5f,0.0082f,-0.0845f,-0.9964f,0f,0f,0f,0f,1f],start_interpolation: 0,interpolation_duration: 1}
$data merge entity $(bone_right_arm) {transformation: [-0.9766f,0.2146f,-0.0168f,-0.3125f,0.2016f,0.8846f,-0.4205f,1.375f,-0.0754f,-0.414f,-0.9071f,0f,0f,0f,0f,1f],start_interpolation: 0,interpolation_duration: 1}
$data merge entity $(bone_left_arm) {transformation: [-0.966f,-0.2581f,-0.0164f,0.3125f,-0.2275f,0.8784f,-0.4202f,1.375f,0.1229f,-0.4022f,-0.9073f,0f,0f,0f,0f,1f],start_interpolation: 0,interpolation_duration: 1}