# This file was generated by Animated Java via MC-Build. It is not recommended to edit this file directly.
$data merge entity $(bone_head) {transformation: [-0.9996f,-0.027f,-0.0041f,0f,-0.0265f,0.9958f,-0.0877f,1.5f,0.0065f,-0.0875f,-0.9961f,0f,0f,0f,0f,1f],start_interpolation: 0,interpolation_duration: 1}
$data merge entity $(bone_right_arm) {transformation: [-0.9767f,0.214f,-0.0166f,-0.3125f,0.201f,0.8851f,-0.4196f,1.375f,-0.0751f,-0.4132f,-0.9075f,0f,0f,0f,0f,1f],start_interpolation: 0,interpolation_duration: 1}
$data merge entity $(bone_left_arm) {transformation: [-0.9664f,-0.2567f,-0.0159f,0.3125f,-0.2266f,0.8791f,-0.4192f,1.375f,0.1216f,-0.4015f,-0.9077f,0f,0f,0f,0f,1f],start_interpolation: 0,interpolation_duration: 1}