# This file was generated by Animated Java via MC-Build. It is not recommended to edit this file directly.
$data merge entity $(bone_head) {transformation: [-0.9996f,-0.0267f,-0.0031f,0f,-0.0263f,0.9956f,-0.0895f,1.5f,0.0055f,-0.0894f,-0.996f,0f,0f,0f,0f,1f],start_interpolation: 0,interpolation_duration: 1}
$data merge entity $(bone_right_arm) {transformation: [-0.9769f,0.2132f,-0.0163f,-0.3125f,0.2003f,0.8858f,-0.4186f,1.375f,-0.0748f,-0.4122f,-0.908f,0f,0f,0f,0f,1f],start_interpolation: 0,interpolation_duration: 1}
$data merge entity $(bone_left_arm) {transformation: [-0.9668f,-0.255f,-0.0153f,0.3125f,-0.2255f,0.8801f,-0.4179f,1.375f,0.12f,-0.4006f,-0.9083f,0f,0f,0f,0f,1f],start_interpolation: 0,interpolation_duration: 1}