# This file was generated by Animated Java via MC-Build. It is not recommended to edit this file directly.
$data merge entity $(bone_head) {transformation: [-0.9996f,-0.0266f,-0.0027f,0f,-0.0263f,0.9956f,-0.0901f,1.5f,0.0051f,-0.09f,-0.9959f,0f,0f,0f,0f,1f],start_interpolation: 0,interpolation_duration: 1}
$data merge entity $(bone_right_arm) {transformation: [-0.9771f,0.2123f,-0.016f,-0.3125f,0.1995f,0.8866f,-0.4173f,1.375f,-0.0744f,-0.4109f,-0.9086f,0f,0f,0f,0f,1f],start_interpolation: 0,interpolation_duration: 1}
$data merge entity $(bone_left_arm) {transformation: [-0.9674f,-0.2528f,-0.0145f,0.3125f,-0.2241f,0.8812f,-0.4164f,1.375f,0.1181f,-0.3995f,-0.9091f,0f,0f,0f,0f,1f],start_interpolation: 0,interpolation_duration: 1}