# This file was generated by Animated Java via MC-Build. It is not recommended to edit this file directly.
$data merge entity $(bone_head) {transformation: [-0.9996f,-0.0266f,-0.0032f,0f,-0.0262f,0.9956f,-0.09f,1.5f,0.0056f,-0.0898f,-0.9959f,0f,0f,0f,0f,1f],start_interpolation: 0,interpolation_duration: 1}
$data merge entity $(bone_right_arm) {transformation: [-0.9773f,0.2112f,-0.0157f,-0.3125f,0.1985f,0.8876f,-0.4157f,1.375f,-0.0739f,-0.4094f,-0.9093f,0f,0f,0f,0f,1f],start_interpolation: 0,interpolation_duration: 1}
$data merge entity $(bone_left_arm) {transformation: [-0.9681f,-0.2504f,-0.0136f,0.3125f,-0.2224f,0.8824f,-0.4145f,1.375f,0.1158f,-0.3983f,-0.9099f,0f,0f,0f,0f,1f],start_interpolation: 0,interpolation_duration: 1}