# This file was generated by Animated Java via MC-Build. It is not recommended to edit this file directly.
$data merge entity $(bone_head) {transformation: [-0.9996f,-0.0266f,-0.0047f,0f,-0.0261f,0.9956f,-0.0896f,1.5f,0.007f,-0.0895f,-0.996f,0f,0f,0f,0f,1f],start_interpolation: 0,interpolation_duration: 1}
$data merge entity $(bone_right_arm) {transformation: [-0.9776f,0.21f,-0.0153f,-0.3125f,0.1973f,0.8886f,-0.414f,1.375f,-0.0734f,-0.4077f,-0.9101f,0f,0f,0f,0f,1f],start_interpolation: 0,interpolation_duration: 1}
$data merge entity $(bone_left_arm) {transformation: [-0.9688f,-0.2475f,-0.0126f,0.3125f,-0.2205f,0.8839f,-0.4124f,1.375f,0.1132f,-0.3968f,-0.9109f,0f,0f,0f,0f,1f],start_interpolation: 0,interpolation_duration: 1}