# This file was generated by Animated Java via MC-Build. It is not recommended to edit this file directly.
$data merge entity $(bone_head) {transformation: [-0.9996f,-0.0267f,-0.0071f,0f,-0.0259f,0.9957f,-0.0891f,1.5f,0.0094f,-0.0888f,-0.996f,0f,0f,0f,0f,1f],start_interpolation: 0,interpolation_duration: 1}
$data merge entity $(bone_right_arm) {transformation: [-0.9779f,0.2086f,-0.0148f,-0.3125f,0.1961f,0.8898f,-0.412f,1.375f,-0.0728f,-0.4058f,-0.911f,0f,0f,0f,0f,1f],start_interpolation: 0,interpolation_duration: 1}
$data merge entity $(bone_left_arm) {transformation: [-0.9696f,-0.2443f,-0.0114f,0.3125f,-0.2183f,0.8855f,-0.4101f,1.375f,0.1103f,-0.3952f,-0.912f,0f,0f,0f,0f,1f],start_interpolation: 0,interpolation_duration: 1}