# This file was generated by Animated Java via MC-Build. It is not recommended to edit this file directly.
$data merge entity $(bone_head) {transformation: [-0.9996f,-0.0267f,-0.0104f,0f,-0.0257f,0.9958f,-0.0883f,1.5f,0.0128f,-0.088f,-0.996f,0f,0f,0f,0f,1f],start_interpolation: 0,interpolation_duration: 1}
$data merge entity $(bone_right_arm) {transformation: [-0.9782f,0.2071f,-0.0143f,-0.3125f,0.1946f,0.8911f,-0.4099f,1.375f,-0.0721f,-0.4038f,-0.912f,0f,0f,0f,0f,1f],start_interpolation: 0,interpolation_duration: 1}
$data merge entity $(bone_left_arm) {transformation: [-0.9705f,-0.2408f,-0.01f,0.3125f,-0.216f,0.8873f,-0.4075f,1.375f,0.107f,-0.3933f,-0.9131f,0f,0f,0f,0f,1f],start_interpolation: 0,interpolation_duration: 1}