# This file was generated by Animated Java via MC-Build. It is not recommended to edit this file directly.
$data merge entity $(bone_head) {transformation: [-0.9995f,-0.0267f,-0.0147f,0f,-0.0253f,0.9959f,-0.0873f,1.5f,0.017f,-0.0869f,-0.9961f,0f,0f,0f,0f,1f],start_interpolation: 0,interpolation_duration: 1}
$data merge entity $(bone_right_arm) {transformation: [-0.9786f,0.2054f,-0.0138f,-0.3125f,0.1931f,0.8925f,-0.4075f,1.375f,-0.0714f,-0.4015f,-0.9131f,0f,0f,0f,0f,1f],start_interpolation: 0,interpolation_duration: 1}
$data merge entity $(bone_left_arm) {transformation: [-0.9715f,-0.237f,-0.0085f,0.3125f,-0.2134f,0.8892f,-0.4047f,1.375f,0.1035f,-0.3913f,-0.9144f,0f,0f,0f,0f,1f],start_interpolation: 0,interpolation_duration: 1}