# This file was generated by Animated Java via MC-Build. It is not recommended to edit this file directly.
$data merge entity $(bone_head) {transformation: [-0.9927f,0.0208f,-0.1187f,0f,0.0138f,0.9981f,0.0597f,1.5f,0.1197f,0.0576f,-0.9911f,0f,0f,0f,0f,1f],start_interpolation: 0,interpolation_duration: 1}
$data merge entity $(bone_right_arm) {transformation: [-0.9875f,0.1574f,-0.0029f,-0.3125f,0.149f,0.9288f,-0.3393f,1.375f,-0.0507f,-0.3355f,-0.9407f,0f,0f,0f,0f,1f],start_interpolation: 0,interpolation_duration: 1}
$data merge entity $(bone_left_arm) {transformation: [-0.9904f,-0.1311f,0.0426f,0.3125f,-0.1378f,0.9343f,-0.3287f,1.375f,0.0033f,-0.3315f,-0.9435f,0f,0f,0f,0f,1f],start_interpolation: 0,interpolation_duration: 1}