# This file was generated by Animated Java via MC-Build. It is not recommended to edit this file directly.
$data merge entity $(bone_head) {transformation: [-0.9994f,-0.0268f,-0.0199f,0f,-0.0249f,0.996f,-0.086f,1.5f,0.0221f,-0.0855f,-0.9961f,0f,0f,0f,0f,1f],start_interpolation: 0,interpolation_duration: 1}
$data merge entity $(bone_right_arm) {transformation: [-0.979f,0.2036f,-0.0133f,-0.3125f,0.1914f,0.8941f,-0.405f,1.375f,-0.0706f,-0.399f,-0.9142f,0f,0f,0f,0f,1f],start_interpolation: 0,interpolation_duration: 1}
$data merge entity $(bone_left_arm) {transformation: [-0.9725f,-0.2329f,-0.0069f,0.3125f,-0.2106f,0.8912f,-0.4017f,1.375f,0.0997f,-0.3892f,-0.9158f,0f,0f,0f,0f,1f],start_interpolation: 0,interpolation_duration: 1}