# This file was generated by Animated Java via MC-Build. It is not recommended to edit this file directly.
$data merge entity $(bone_head) {transformation: [-0.9993f,-0.0268f,-0.026f,0f,-0.0245f,0.9961f,-0.0846f,1.5f,0.0281f,-0.0839f,-0.9961f,0f,0f,0f,0f,1f],start_interpolation: 0,interpolation_duration: 1}
$data merge entity $(bone_right_arm) {transformation: [-0.9794f,0.2017f,-0.0127f,-0.3125f,0.1897f,0.8957f,-0.4023f,1.375f,-0.0697f,-0.3964f,-0.9154f,0f,0f,0f,0f,1f],start_interpolation: 0,interpolation_duration: 1}
$data merge entity $(bone_left_arm) {transformation: [-0.9735f,-0.2285f,-0.0051f,0.3125f,-0.2076f,0.8934f,-0.3985f,1.375f,0.0957f,-0.3869f,-0.9172f,0f,0f,0f,0f,1f],start_interpolation: 0,interpolation_duration: 1}