# This file was generated by Animated Java via MC-Build. It is not recommended to edit this file directly.
$data merge entity $(bone_head) {transformation: [-0.9991f,-0.0268f,-0.0329f,0f,-0.024f,0.9963f,-0.083f,1.5f,0.035f,-0.0821f,-0.996f,0f,0f,0f,0f,1f],start_interpolation: 0,interpolation_duration: 1}
$data merge entity $(bone_right_arm) {transformation: [-0.9798f,0.1996f,-0.0121f,-0.3125f,0.1878f,0.8974f,-0.3994f,1.375f,-0.0689f,-0.3936f,-0.9167f,0f,0f,0f,0f,1f],start_interpolation: 0,interpolation_duration: 1}
$data merge entity $(bone_left_arm) {transformation: [-0.9746f,-0.2239f,-0.0032f,0.3125f,-0.2044f,0.8956f,-0.3951f,1.375f,0.0914f,-0.3844f,-0.9186f,0f,0f,0f,0f,1f],start_interpolation: 0,interpolation_duration: 1}