# This file was generated by Animated Java via MC-Build. It is not recommended to edit this file directly.
$data merge entity $(bone_head) {transformation: [-0.9988f,-0.0267f,-0.0406f,0f,-0.0234f,0.9964f,-0.0811f,1.5f,0.0426f,-0.0801f,-0.9959f,0f,0f,0f,0f,1f],start_interpolation: 0,interpolation_duration: 1}
$data merge entity $(bone_right_arm) {transformation: [-0.9802f,0.1975f,-0.0115f,-0.3125f,0.1858f,0.8991f,-0.3963f,1.375f,-0.0679f,-0.3906f,-0.918f,0f,0f,0f,0f,1f],start_interpolation: 0,interpolation_duration: 1}
$data merge entity $(bone_left_arm) {transformation: [-0.9757f,-0.219f,-0.0012f,0.3125f,-0.2011f,0.8979f,-0.3915f,1.375f,0.0868f,-0.3818f,-0.9202f,0f,0f,0f,0f,1f],start_interpolation: 0,interpolation_duration: 1}