# This file was generated by Animated Java via MC-Build. It is not recommended to edit this file directly.
$data merge entity $(bone_head) {transformation: [-0.9984f,-0.0267f,-0.0491f,0f,-0.0227f,0.9966f,-0.0791f,1.5f,0.051f,-0.0779f,-0.9957f,0f,0f,0f,0f,1f],start_interpolation: 0,interpolation_duration: 1}
$data merge entity $(bone_right_arm) {transformation: [-0.9807f,0.1952f,-0.0109f,-0.3125f,0.1837f,0.901f,-0.3931f,1.375f,-0.0669f,-0.3875f,-0.9194f,0f,0f,0f,0f,1f],start_interpolation: 0,interpolation_duration: 1}
$data merge entity $(bone_left_arm) {transformation: [-0.9769f,-0.2139f,0.001f,0.3125f,-0.1975f,0.9003f,-0.3878f,1.375f,0.0821f,-0.379f,-0.9217f,0f,0f,0f,0f,1f],start_interpolation: 0,interpolation_duration: 1}