# This file was generated by Animated Java via MC-Build. It is not recommended to edit this file directly.
$data merge entity $(bone_head) {transformation: [-0.998f,-0.0265f,-0.0582f,0f,-0.022f,0.9968f,-0.0769f,1.5f,0.0601f,-0.0755f,-0.9953f,0f,0f,0f,0f,1f],start_interpolation: 0,interpolation_duration: 1}
$data merge entity $(bone_right_arm) {transformation: [-0.9812f,0.1929f,-0.0103f,-0.3125f,0.1815f,0.9028f,-0.3898f,1.375f,-0.0659f,-0.3843f,-0.9209f,0f,0f,0f,0f,1f],start_interpolation: 0,interpolation_duration: 1}
$data merge entity $(bone_left_arm) {transformation: [-0.978f,-0.2086f,0.0033f,0.3125f,-0.1939f,0.9028f,-0.384f,1.375f,0.0772f,-0.3761f,-0.9233f,0f,0f,0f,0f,1f],start_interpolation: 0,interpolation_duration: 1}