# This file was generated by Animated Java via MC-Build. It is not recommended to edit this file directly.
$data merge entity $(bone_head) {transformation: [-0.9973f,-0.0264f,-0.068f,0f,-0.0213f,0.997f,-0.0745f,1.5f,0.0698f,-0.0729f,-0.9949f,0f,0f,0f,0f,1f],start_interpolation: 0,interpolation_duration: 1}
$data merge entity $(bone_right_arm) {transformation: [-0.9817f,0.1904f,-0.0096f,-0.3125f,0.1793f,0.9048f,-0.3863f,1.375f,-0.0649f,-0.381f,-0.9223f,0f,0f,0f,0f,1f],start_interpolation: 0,interpolation_duration: 1}
$data merge entity $(bone_left_arm) {transformation: [-0.9791f,-0.2032f,0.0057f,0.3125f,-0.19f,0.9052f,-0.38f,1.375f,0.0721f,-0.3732f,-0.925f,0f,0f,0f,0f,1f],start_interpolation: 0,interpolation_duration: 1}