# This file was generated by Animated Java via MC-Build. It is not recommended to edit this file directly.
$data merge entity $(bone_head) {transformation: [-0.9966f,-0.0261f,-0.0785f,0f,-0.0205f,0.9972f,-0.072f,1.5f,0.0801f,-0.0701f,-0.9943f,0f,0f,0f,0f,1f],start_interpolation: 0,interpolation_duration: 1}
$data merge entity $(bone_right_arm) {transformation: [-0.9821f,0.1879f,-0.009f,-0.3125f,0.177f,0.9067f,-0.3828f,1.375f,-0.0638f,-0.3775f,-0.9238f,0f,0f,0f,0f,1f],start_interpolation: 0,interpolation_duration: 1}
$data merge entity $(bone_left_arm) {transformation: [-0.9803f,-0.1976f,0.0082f,0.3125f,-0.1861f,0.9078f,-0.376f,1.375f,0.0668f,-0.3701f,-0.9266f,0f,0f,0f,0f,1f],start_interpolation: 0,interpolation_duration: 1}