# This file was generated by Animated Java via MC-Build. It is not recommended to edit this file directly.
$data merge entity $(bone_head) {transformation: [-0.9957f,-0.0258f,-0.0894f,0f,-0.0196f,0.9974f,-0.0693f,1.5f,0.091f,-0.0672f,-0.9936f,0f,0f,0f,0f,1f],start_interpolation: 0,interpolation_duration: 1}
$data merge entity $(bone_right_arm) {transformation: [-0.9826f,0.1854f,-0.0084f,-0.3125f,0.1746f,0.9087f,-0.3791f,1.375f,-0.0627f,-0.374f,-0.9253f,0f,0f,0f,0f,1f],start_interpolation: 0,interpolation_duration: 1}
$data merge entity $(bone_left_arm) {transformation: [-0.9814f,-0.1919f,0.0109f,0.3125f,-0.1821f,0.9103f,-0.3718f,1.375f,0.0614f,-0.3669f,-0.9282f,0f,0f,0f,0f,1f],start_interpolation: 0,interpolation_duration: 1}