# This file was generated by Animated Java via MC-Build. It is not recommended to edit this file directly.
$data merge entity $(bone_head) {transformation: [-0.9946f,-0.0254f,-0.1008f,0f,-0.0187f,0.9976f,-0.0665f,1.5f,0.1023f,-0.0642f,-0.9927f,0f,0f,0f,0f,1f],start_interpolation: 0,interpolation_duration: 1}
$data merge entity $(bone_right_arm) {transformation: [-0.9831f,0.1827f,-0.0077f,-0.3125f,0.1722f,0.9107f,-0.3754f,1.375f,-0.0615f,-0.3704f,-0.9268f,0f,0f,0f,0f,1f],start_interpolation: 0,interpolation_duration: 1}
$data merge entity $(bone_left_arm) {transformation: [-0.9824f,-0.186f,0.0136f,0.3125f,-0.178f,0.9128f,-0.3677f,1.375f,0.056f,-0.3636f,-0.9299f,0f,0f,0f,0f,1f],start_interpolation: 0,interpolation_duration: 1}