# This file was generated by Animated Java via MC-Build. It is not recommended to edit this file directly.
$data merge entity $(bone_head) {transformation: [-0.9958f,0.0215f,-0.0894f,0f,0.0156f,0.9976f,0.0668f,1.5f,0.0906f,0.0652f,-0.9938f,0f,0f,0f,0f,1f],start_interpolation: 0,interpolation_duration: 1}
$data merge entity $(bone_right_arm) {transformation: [-0.987f,0.1608f,-0.0035f,-0.3125f,0.1522f,0.9265f,-0.3442f,1.375f,-0.0522f,-0.3402f,-0.9389f,0f,0f,0f,0f,1f],start_interpolation: 0,interpolation_duration: 1}
$data merge entity $(bone_left_arm) {transformation: [-0.9896f,-0.1384f,0.0385f,0.3125f,-0.1433f,0.9317f,-0.3338f,1.375f,0.0104f,-0.3359f,-0.9419f,0f,0f,0f,0f,1f],start_interpolation: 0,interpolation_duration: 1}