# This file was generated by Animated Java via MC-Build. It is not recommended to edit this file directly.
$data merge entity $(bone_head) {transformation: [-0.9933f,-0.0249f,-0.1127f,0f,-0.0178f,0.9978f,-0.0635f,1.5f,0.114f,-0.0611f,-0.9916f,0f,0f,0f,0f,1f],start_interpolation: 0,interpolation_duration: 1}
$data merge entity $(bone_right_arm) {transformation: [-0.9836f,0.1801f,-0.0071f,-0.3125f,0.1698f,0.9127f,-0.3716f,1.375f,-0.0604f,-0.3667f,-0.9284f,0f,0f,0f,0f,1f],start_interpolation: 0,interpolation_duration: 1}
$data merge entity $(bone_left_arm) {transformation: [-0.9835f,-0.1802f,0.0165f,0.3125f,-0.1738f,0.9153f,-0.3634f,1.375f,0.0504f,-0.3603f,-0.9315f,0f,0f,0f,0f,1f],start_interpolation: 0,interpolation_duration: 1}