# This file was generated by Animated Java via MC-Build. It is not recommended to edit this file directly.
$data merge entity $(bone_head) {transformation: [-0.9919f,-0.0243f,-0.1248f,0f,-0.0169f,0.998f,-0.0604f,1.5f,0.1261f,-0.0578f,-0.9903f,0f,0f,0f,0f,1f],start_interpolation: 0,interpolation_duration: 1}
$data merge entity $(bone_right_arm) {transformation: [-0.9841f,0.1774f,-0.0066f,-0.3125f,0.1673f,0.9147f,-0.3678f,1.375f,-0.0592f,-0.363f,-0.9299f,0f,0f,0f,0f,1f],start_interpolation: 0,interpolation_duration: 1}
$data merge entity $(bone_left_arm) {transformation: [-0.9845f,-0.1742f,0.0194f,0.3125f,-0.1695f,0.9177f,-0.3592f,1.375f,0.0448f,-0.3569f,-0.9331f,0f,0f,0f,0f,1f],start_interpolation: 0,interpolation_duration: 1}