# This file was generated by Animated Java via MC-Build. It is not recommended to edit this file directly.
$data merge entity $(bone_head) {transformation: [-0.9903f,-0.0236f,-0.1373f,0f,-0.0159f,0.9982f,-0.0573f,1.5f,0.1384f,-0.0545f,-0.9889f,0f,0f,0f,0f,1f],start_interpolation: 0,interpolation_duration: 1}
$data merge entity $(bone_right_arm) {transformation: [-0.9846f,0.1747f,-0.006f,-0.3125f,0.1648f,0.9167f,-0.3639f,1.375f,-0.0581f,-0.3593f,-0.9314f,0f,0f,0f,0f,1f],start_interpolation: 0,interpolation_duration: 1}
$data merge entity $(bone_left_arm) {transformation: [-0.9855f,-0.1683f,0.0224f,0.3125f,-0.1652f,0.9202f,-0.355f,1.375f,0.0391f,-0.3535f,-0.9346f,0f,0f,0f,0f,1f],start_interpolation: 0,interpolation_duration: 1}