# This file was generated by Animated Java via MC-Build. It is not recommended to edit this file directly.
$data merge entity $(bone_head) {transformation: [-0.9884f,-0.0229f,-0.1499f,0f,-0.0149f,0.9984f,-0.054f,1.5f,0.1509f,-0.0511f,-0.9872f,0f,0f,0f,0f,1f],start_interpolation: 0,interpolation_duration: 1}
$data merge entity $(bone_right_arm) {transformation: [-0.9851f,0.1719f,-0.0054f,-0.3125f,0.1623f,0.9187f,-0.36f,1.375f,-0.0569f,-0.3555f,-0.9329f,0f,0f,0f,0f,1f],start_interpolation: 0,interpolation_duration: 1}
$data merge entity $(bone_left_arm) {transformation: [-0.9864f,-0.1624f,0.0255f,0.3125f,-0.1609f,0.9226f,-0.3507f,1.375f,0.0334f,-0.3501f,-0.9361f,0f,0f,0f,0f,1f],start_interpolation: 0,interpolation_duration: 1}