# This file was generated by Animated Java via MC-Build. It is not recommended to edit this file directly.
$data merge entity $(bone_head) {transformation: [-0.9864f,-0.022f,-0.1626f,0f,-0.0139f,0.9986f,-0.0507f,1.5f,0.1635f,-0.0477f,-0.9854f,0f,0f,0f,0f,1f],start_interpolation: 0,interpolation_duration: 1}
$data merge entity $(bone_right_arm) {transformation: [-0.9856f,0.1692f,-0.0049f,-0.3125f,0.1598f,0.9207f,-0.3562f,1.375f,-0.0557f,-0.3518f,-0.9344f,0f,0f,0f,0f,1f],start_interpolation: 0,interpolation_duration: 1}
$data merge entity $(bone_left_arm) {transformation: [-0.9873f,-0.1565f,0.0286f,0.3125f,-0.1566f,0.9249f,-0.3465f,1.375f,0.0278f,-0.3466f,-0.9376f,0f,0f,0f,0f,1f],start_interpolation: 0,interpolation_duration: 1}