# This file was generated by Animated Java via MC-Build. It is not recommended to edit this file directly.
$data merge entity $(bone_head) {transformation: [-0.9843f,-0.021f,-0.1754f,0f,-0.0129f,0.9988f,-0.0473f,1.5f,0.1762f,-0.0443f,-0.9834f,0f,0f,0f,0f,1f],start_interpolation: 0,interpolation_duration: 1}
$data merge entity $(bone_right_arm) {transformation: [-0.986f,0.1665f,-0.0044f,-0.3125f,0.1574f,0.9226f,-0.3523f,1.375f,-0.0546f,-0.3481f,-0.9359f,0f,0f,0f,0f,1f],start_interpolation: 0,interpolation_duration: 1}
$data merge entity $(bone_left_arm) {transformation: [-0.9881f,-0.1506f,0.0317f,0.3125f,-0.1523f,0.9271f,-0.3424f,1.375f,0.0222f,-0.3432f,-0.939f,0f,0f,0f,0f,1f],start_interpolation: 0,interpolation_duration: 1}