# This file was generated by Animated Java via MC-Build. It is not recommended to edit this file directly.
$data merge entity $(bone_head) {transformation: [-0.9819f,-0.02f,-0.1881f,0f,-0.0119f,0.999f,-0.044f,1.5f,0.1888f,-0.0409f,-0.9812f,0f,0f,0f,0f,1f],start_interpolation: 0,interpolation_duration: 1}
$data merge entity $(bone_right_arm) {transformation: [-0.9865f,0.1638f,-0.004f,-0.3125f,0.1549f,0.9244f,-0.3485f,1.375f,-0.0534f,-0.3444f,-0.9373f,0f,0f,0f,0f,1f],start_interpolation: 0,interpolation_duration: 1}
$data merge entity $(bone_left_arm) {transformation: [-0.9888f,-0.1448f,0.0349f,0.3125f,-0.148f,0.9293f,-0.3383f,1.375f,0.0166f,-0.3397f,-0.9404f,0f,0f,0f,0f,1f],start_interpolation: 0,interpolation_duration: 1}