# This file was generated by Animated Java via MC-Build. It is not recommended to edit this file directly.
$data merge entity $(bone_head) {transformation: [-0.9795f,-0.0189f,-0.2007f,0f,-0.0109f,0.9991f,-0.0406f,1.5f,0.2013f,-0.0375f,-0.9788f,0f,0f,0f,0f,1f],start_interpolation: 0,interpolation_duration: 1}
$data merge entity $(bone_right_arm) {transformation: [-0.9869f,0.1612f,-0.0035f,-0.3125f,0.1525f,0.9262f,-0.3447f,1.375f,-0.0523f,-0.3407f,-0.9387f,0f,0f,0f,0f,1f],start_interpolation: 0,interpolation_duration: 1}
$data merge entity $(bone_left_arm) {transformation: [-0.9895f,-0.1392f,0.038f,0.3125f,-0.1438f,0.9314f,-0.3343f,1.375f,0.0111f,-0.3363f,-0.9417f,0f,0f,0f,0f,1f],start_interpolation: 0,interpolation_duration: 1}