# This file was generated by Animated Java via MC-Build. It is not recommended to edit this file directly.
$data merge entity $(bone_head) {transformation: [-0.9768f,-0.0177f,-0.2132f,0f,-0.01f,0.9993f,-0.0372f,1.5f,0.2137f,-0.0342f,-0.9763f,0f,0f,0f,0f,1f],start_interpolation: 0,interpolation_duration: 1}
$data merge entity $(bone_right_arm) {transformation: [-0.9873f,0.1586f,-0.0031f,-0.3125f,0.1501f,0.928f,-0.341f,1.375f,-0.0512f,-0.3371f,-0.9401f,0f,0f,0f,0f,1f],start_interpolation: 0,interpolation_duration: 1}
$data merge entity $(bone_left_arm) {transformation: [-0.9902f,-0.1336f,0.0412f,0.3125f,-0.1397f,0.9334f,-0.3305f,1.375f,0.0057f,-0.333f,-0.9429f,0f,0f,0f,0f,1f],start_interpolation: 0,interpolation_duration: 1}