# This file was generated by Animated Java via MC-Build. It is not recommended to edit this file directly.
$data merge entity $(bone_head) {transformation: [-0.9741f,-0.0164f,-0.2254f,0f,-0.009f,0.9994f,-0.0339f,1.5f,0.2258f,-0.0309f,-0.9737f,0f,0f,0f,0f,1f],start_interpolation: 0,interpolation_duration: 1}
$data merge entity $(bone_right_arm) {transformation: [-0.9877f,0.156f,-0.0027f,-0.3125f,0.1478f,0.9297f,-0.3373f,1.375f,-0.0501f,-0.3336f,-0.9414f,0f,0f,0f,0f,1f],start_interpolation: 0,interpolation_duration: 1}
$data merge entity $(bone_left_arm) {transformation: [-0.9908f,-0.1282f,0.0443f,0.3125f,-0.1357f,0.9353f,-0.3267f,1.375f,0.0005f,-0.3297f,-0.9441f,0f,0f,0f,0f,1f],start_interpolation: 0,interpolation_duration: 1}