# This file was generated by Animated Java via MC-Build. It is not recommended to edit this file directly.
$data merge entity $(bone_head) {transformation: [-0.998f,0.0218f,-0.0593f,0f,0.0174f,0.9971f,0.0741f,1.5f,0.0607f,0.0729f,-0.9955f,0f,0f,0f,0f,1f],start_interpolation: 0,interpolation_duration: 1}
$data merge entity $(bone_right_arm) {transformation: [-0.9864f,0.1643f,-0.004f,-0.3125f,0.1554f,0.9241f,-0.3492f,1.375f,-0.0536f,-0.3451f,-0.937f,0f,0f,0f,0f,1f],start_interpolation: 0,interpolation_duration: 1}
$data merge entity $(bone_left_arm) {transformation: [-0.9887f,-0.1459f,0.0343f,0.3125f,-0.1488f,0.9289f,-0.3391f,1.375f,0.0176f,-0.3404f,-0.9401f,0f,0f,0f,0f,1f],start_interpolation: 0,interpolation_duration: 1}