# This file was generated by Animated Java via MC-Build. It is not recommended to edit this file directly.
$data merge entity $(bone_head) {transformation: [-0.9713f,-0.0151f,-0.2373f,0f,-0.0081f,0.9995f,-0.0306f,1.5f,0.2376f,-0.0278f,-0.971f,0f,0f,0f,0f,1f],start_interpolation: 0,interpolation_duration: 1}
$data merge entity $(bone_right_arm) {transformation: [-0.9881f,0.1536f,-0.0024f,-0.3125f,0.1455f,0.9313f,-0.3338f,1.375f,-0.0491f,-0.3302f,-0.9426f,0f,0f,0f,0f,1f],start_interpolation: 0,interpolation_duration: 1}
$data merge entity $(bone_left_arm) {transformation: [-0.9913f,-0.123f,0.0474f,0.3125f,-0.1317f,0.9372f,-0.3231f,1.375f,-0.0047f,-0.3265f,-0.9452f,0f,0f,0f,0f,1f],start_interpolation: 0,interpolation_duration: 1}