# This file was generated by Animated Java via MC-Build. It is not recommended to edit this file directly.
$data merge entity $(bone_head) {transformation: [-0.9685f,-0.0138f,-0.2488f,0f,-0.0072f,0.9996f,-0.0273f,1.5f,0.2491f,-0.0247f,-0.9682f,0f,0f,0f,0f,1f],start_interpolation: 0,interpolation_duration: 1}
$data merge entity $(bone_right_arm) {transformation: [-0.9885f,0.1512f,-0.002f,-0.3125f,0.1434f,0.9329f,-0.3304f,1.375f,-0.048f,-0.3269f,-0.9438f,0f,0f,0f,0f,1f],start_interpolation: 0,interpolation_duration: 1}
$data merge entity $(bone_left_arm) {transformation: [-0.9917f,-0.118f,0.0504f,0.3125f,-0.1279f,0.9389f,-0.3196f,1.375f,-0.0096f,-0.3234f,-0.9462f,0f,0f,0f,0f,1f],start_interpolation: 0,interpolation_duration: 1}