# This file was generated by Animated Java via MC-Build. It is not recommended to edit this file directly.
$data merge entity $(bone_head) {transformation: [-0.9656f,-0.0124f,-0.2598f,0f,-0.0063f,0.9997f,-0.0242f,1.5f,0.2601f,-0.0217f,-0.9653f,0f,0f,0f,0f,1f],start_interpolation: 0,interpolation_duration: 1}
$data merge entity $(bone_right_arm) {transformation: [-0.9889f,0.1489f,-0.0018f,-0.3125f,0.1413f,0.9344f,-0.3271f,1.375f,-0.0471f,-0.3237f,-0.945f,0f,0f,0f,0f,1f],start_interpolation: 0,interpolation_duration: 1}
$data merge entity $(bone_left_arm) {transformation: [-0.9921f,-0.1132f,0.0533f,0.3125f,-0.1243f,0.9405f,-0.3162f,1.375f,-0.0144f,-0.3204f,-0.9472f,0f,0f,0f,0f,1f],start_interpolation: 0,interpolation_duration: 1}