# This file was generated by Animated Java via MC-Build. It is not recommended to edit this file directly.
$data merge entity $(bone_head) {transformation: [-0.9627f,-0.0111f,-0.2704f,0f,-0.0055f,0.9998f,-0.0212f,1.5f,0.2706f,-0.0189f,-0.9625f,0f,0f,0f,0f,1f],start_interpolation: 0,interpolation_duration: 1}
$data merge entity $(bone_right_arm) {transformation: [-0.9892f,0.1467f,-0.0015f,-0.3125f,0.1392f,0.9358f,-0.3239f,1.375f,-0.0461f,-0.3206f,-0.9461f,0f,0f,0f,0f,1f],start_interpolation: 0,interpolation_duration: 1}
$data merge entity $(bone_left_arm) {transformation: [-0.9925f,-0.1086f,0.0561f,0.3125f,-0.1207f,0.942f,-0.3131f,1.375f,-0.0189f,-0.3175f,-0.9481f,0f,0f,0f,0f,1f],start_interpolation: 0,interpolation_duration: 1}