# This file was generated by Animated Java via MC-Build. It is not recommended to edit this file directly.
$data merge entity $(bone_head) {transformation: [-0.9598f,-0.0097f,-0.2804f,0f,-0.0047f,0.9998f,-0.0183f,1.5f,0.2805f,-0.0163f,-0.9597f,0f,0f,0f,0f,1f],start_interpolation: 0,interpolation_duration: 1}
$data merge entity $(bone_right_arm) {transformation: [-0.9895f,0.1446f,-0.0013f,-0.3125f,0.1373f,0.9371f,-0.3209f,1.375f,-0.0452f,-0.3177f,-0.9471f,0f,0f,0f,0f,1f],start_interpolation: 0,interpolation_duration: 1}
$data merge entity $(bone_left_arm) {transformation: [-0.9928f,-0.1042f,0.0589f,0.3125f,-0.1174f,0.9434f,-0.3101f,1.375f,-0.0232f,-0.3148f,-0.9489f,0f,0f,0f,0f,1f],start_interpolation: 0,interpolation_duration: 1}