# This file was generated by Animated Java via MC-Build. It is not recommended to edit this file directly.
$data merge entity $(bone_head) {transformation: [-0.9571f,-0.0084f,-0.2898f,0f,-0.004f,0.9999f,-0.0156f,1.5f,0.2898f,-0.0138f,-0.957f,0f,0f,0f,0f,1f],start_interpolation: 0,interpolation_duration: 1}
$data merge entity $(bone_right_arm) {transformation: [-0.9898f,0.1426f,-0.001f,-0.3125f,0.1355f,0.9383f,-0.3181f,1.375f,-0.0444f,-0.315f,-0.9481f,0f,0f,0f,0f,1f],start_interpolation: 0,interpolation_duration: 1}
$data merge entity $(bone_left_arm) {transformation: [-0.9931f,-0.1001f,0.0615f,0.3125f,-0.1143f,0.9447f,-0.3073f,1.375f,-0.0273f,-0.3122f,-0.9496f,0f,0f,0f,0f,1f],start_interpolation: 0,interpolation_duration: 1}