# This file was generated by Animated Java via MC-Build. It is not recommended to edit this file directly.
$data merge entity $(bone_head) {transformation: [-0.9544f,-0.0071f,-0.2985f,0f,-0.0033f,0.9999f,-0.0131f,1.5f,0.2985f,-0.0115f,-0.9543f,0f,0f,0f,0f,1f],start_interpolation: 0,interpolation_duration: 1}
$data merge entity $(bone_right_arm) {transformation: [-0.99f,0.1408f,-0.0009f,-0.3125f,0.1338f,0.9395f,-0.3154f,1.375f,-0.0436f,-0.3124f,-0.9489f,0f,0f,0f,0f,1f],start_interpolation: 0,interpolation_duration: 1}
$data merge entity $(bone_left_arm) {transformation: [-0.9933f,-0.0963f,0.0639f,0.3125f,-0.1113f,0.9459f,-0.3047f,1.375f,-0.0311f,-0.3097f,-0.9503f,0f,0f,0f,0f,1f],start_interpolation: 0,interpolation_duration: 1}