# This file was generated by Animated Java via MC-Build. It is not recommended to edit this file directly.
$data merge entity $(bone_head) {transformation: [-0.9519f,-0.0059f,-0.3065f,0f,-0.0027f,0.9999f,-0.0107f,1.5f,0.3065f,-0.0094f,-0.9518f,0f,0f,0f,0f,1f],start_interpolation: 0,interpolation_duration: 1}
$data merge entity $(bone_right_arm) {transformation: [-0.9903f,0.139f,-0.0007f,-0.3125f,0.1323f,0.9405f,-0.313f,1.375f,-0.0429f,-0.31f,-0.9498f,0f,0f,0f,0f,1f],start_interpolation: 0,interpolation_duration: 1}
$data merge entity $(bone_left_arm) {transformation: [-0.9935f,-0.0928f,0.0662f,0.3125f,-0.1086f,0.947f,-0.3022f,1.375f,-0.0347f,-0.3075f,-0.9509f,0f,0f,0f,0f,1f],start_interpolation: 0,interpolation_duration: 1}