# This file was generated by Animated Java via MC-Build. It is not recommended to edit this file directly.
$data merge entity $(bone_head) {transformation: [-0.9495f,-0.0047f,-0.3138f,0f,-0.0022f,1f,-0.0085f,1.5f,0.3138f,-0.0074f,-0.9495f,0f,0f,0f,0f,1f],start_interpolation: 0,interpolation_duration: 1}
$data merge entity $(bone_right_arm) {transformation: [-0.9905f,0.1375f,-0.0005f,-0.3125f,0.1308f,0.9415f,-0.3107f,1.375f,-0.0422f,-0.3078f,-0.9505f,0f,0f,0f,0f,1f],start_interpolation: 0,interpolation_duration: 1}
$data merge entity $(bone_left_arm) {transformation: [-0.9936f,-0.0895f,0.0683f,0.3125f,-0.106f,0.948f,-0.3f,1.375f,-0.0379f,-0.3054f,-0.9515f,0f,0f,0f,0f,1f],start_interpolation: 0,interpolation_duration: 1}