# This file was generated by Animated Java via MC-Build. It is not recommended to edit this file directly.
$data merge entity $(bone_head) {transformation: [-0.9473f,-0.0037f,-0.3203f,0f,-0.0017f,1f,-0.0066f,1.5f,0.3203f,-0.0057f,-0.9473f,0f,0f,0f,0f,1f],start_interpolation: 0,interpolation_duration: 1}
$data merge entity $(bone_right_arm) {transformation: [-0.9907f,0.1361f,-0.0004f,-0.3125f,0.1295f,0.9423f,-0.3087f,1.375f,-0.0416f,-0.3058f,-0.9512f,0f,0f,0f,0f,1f],start_interpolation: 0,interpolation_duration: 1}
$data merge entity $(bone_left_arm) {transformation: [-0.9938f,-0.0866f,0.0702f,0.3125f,-0.1038f,0.9489f,-0.2981f,1.375f,-0.0408f,-0.3035f,-0.952f,0f,0f,0f,0f,1f],start_interpolation: 0,interpolation_duration: 1}