# This file was generated by Animated Java via MC-Build. It is not recommended to edit this file directly.
$data merge entity $(bone_head) {transformation: [-0.9994f,0.0217f,-0.0285f,0f,0.0193f,0.9965f,0.0813f,1.5f,0.0302f,0.0807f,-0.9963f,0f,0f,0f,0f,1f],start_interpolation: 0,interpolation_duration: 1}
$data merge entity $(bone_right_arm) {transformation: [-0.9858f,0.1679f,-0.0047f,-0.3125f,0.1586f,0.9216f,-0.3543f,1.375f,-0.0552f,-0.35f,-0.9351f,0f,0f,0f,0f,1f],start_interpolation: 0,interpolation_duration: 1}
$data merge entity $(bone_left_arm) {transformation: [-0.9877f,-0.1536f,0.0301f,0.3125f,-0.1545f,0.926f,-0.3445f,1.375f,0.025f,-0.3449f,-0.9383f,0f,0f,0f,0f,1f],start_interpolation: 0,interpolation_duration: 1}