# This file was generated by Animated Java via MC-Build. It is not recommended to edit this file directly.
$data merge entity $(bone_head) {transformation: [-0.9454f,-0.0028f,-0.326f,0f,-0.0012f,1f,-0.0049f,1.5f,0.326f,-0.0042f,-0.9454f,0f,0f,0f,0f,1f],start_interpolation: 0,interpolation_duration: 1}
$data merge entity $(bone_right_arm) {transformation: [-0.9909f,0.1348f,-0.0003f,-0.3125f,0.1284f,0.9431f,-0.3068f,1.375f,-0.0411f,-0.3041f,-0.9518f,0f,0f,0f,0f,1f],start_interpolation: 0,interpolation_duration: 1}
$data merge entity $(bone_left_arm) {transformation: [-0.9939f,-0.084f,0.072f,0.3125f,-0.1017f,0.9497f,-0.2963f,1.375f,-0.0435f,-0.3018f,-0.9524f,0f,0f,0f,0f,1f],start_interpolation: 0,interpolation_duration: 1}