# This file was generated by Animated Java via MC-Build. It is not recommended to edit this file directly.
$data merge entity $(bone_head) {transformation: [-0.9437f,-0.0019f,-0.3308f,0f,-0.0009f,1f,-0.0034f,1.5f,0.3308f,-0.0029f,-0.9437f,0f,0f,0f,0f,1f],start_interpolation: 0,interpolation_duration: 1}
$data merge entity $(bone_right_arm) {transformation: [-0.991f,0.1337f,-0.0002f,-0.3125f,0.1274f,0.9437f,-0.3052f,1.375f,-0.0406f,-0.3025f,-0.9523f,0f,0f,0f,0f,1f],start_interpolation: 0,interpolation_duration: 1}
$data merge entity $(bone_left_arm) {transformation: [-0.9939f,-0.0817f,0.0735f,0.3125f,-0.0999f,0.9503f,-0.2948f,1.375f,-0.0458f,-0.3003f,-0.9527f,0f,0f,0f,0f,1f],start_interpolation: 0,interpolation_duration: 1}