# This file was generated by Animated Java via MC-Build. It is not recommended to edit this file directly.
$data merge entity $(bone_head) {transformation: [-0.9423f,-0.0013f,-0.3348f,0f,-0.0005f,1f,-0.0022f,1.5f,0.3348f,-0.0019f,-0.9423f,0f,0f,0f,0f,1f],start_interpolation: 0,interpolation_duration: 1}
$data merge entity $(bone_right_arm) {transformation: [-0.9912f,0.1327f,-0.0002f,-0.3125f,0.1265f,0.9443f,-0.3039f,1.375f,-0.0402f,-0.3012f,-0.9527f,0f,0f,0f,0f,1f],start_interpolation: 0,interpolation_duration: 1}
$data merge entity $(bone_left_arm) {transformation: [-0.994f,-0.0798f,0.0748f,0.3125f,-0.0984f,0.9509f,-0.2935f,1.375f,-0.0477f,-0.2991f,-0.953f,0f,0f,0f,0f,1f],start_interpolation: 0,interpolation_duration: 1}