# This file was generated by Animated Java via MC-Build. It is not recommended to edit this file directly.
$data merge entity $(bone_head) {transformation: [-0.9403f,-0.0003f,-0.3402f,0f,-0.0001f,1f,-0.0006f,1.5f,0.3402f,-0.0005f,-0.9403f,0f,0f,0f,0f,1f],start_interpolation: 0,interpolation_duration: 1}
$data merge entity $(bone_right_arm) {transformation: [-0.9913f,0.1313f,-0.0001f,-0.3125f,0.1252f,0.9451f,-0.3018f,1.375f,-0.0396f,-0.2992f,-0.9534f,0f,0f,0f,0f,1f],start_interpolation: 0,interpolation_duration: 1}
$data merge entity $(bone_left_arm) {transformation: [-0.9941f,-0.077f,0.0767f,0.3125f,-0.0962f,0.9517f,-0.2915f,1.375f,-0.0506f,-0.2972f,-0.9535f,0f,0f,0f,0f,1f],start_interpolation: 0,interpolation_duration: 1}