# This file was generated by Animated Java via MC-Build. It is not recommended to edit this file directly.
$data merge entity $(bone_head) {transformation: [-0.9399f,-0.0001f,-0.3416f,0f,0f,1f,-0.0001f,1.5f,0.3416f,-0.0001f,-0.9399f,0f,0f,0f,0f,1f],start_interpolation: 0,interpolation_duration: 1}
$data merge entity $(bone_right_arm) {transformation: [-0.9914f,0.1309f,0f,-0.3125f,0.1248f,0.9454f,-0.3012f,1.375f,-0.0394f,-0.2986f,-0.9536f,0f,0f,0f,0f,1f],start_interpolation: 0,interpolation_duration: 1}
$data merge entity $(bone_left_arm) {transformation: [-0.9941f,-0.0761f,0.0773f,0.3125f,-0.0955f,0.952f,-0.2909f,1.375f,-0.0515f,-0.2966f,-0.9536f,0f,0f,0f,0f,1f],start_interpolation: 0,interpolation_duration: 1}