# This file was generated by Animated Java via MC-Build. It is not recommended to edit this file directly.
$data merge entity $(bone_head) {transformation: [-0.9397f,0f,-0.342f,0f,0f,1f,0f,1.5f,0.342f,0f,-0.9397f,0f,0f,0f,0f,1f],start_interpolation: 0,interpolation_duration: 1}
$data merge entity $(bone_right_arm) {transformation: [-0.9914f,0.1306f,0f,-0.3125f,0.1246f,0.9455f,-0.3008f,1.375f,-0.0393f,-0.2983f,-0.9537f,0f,0f,0f,0f,1f],start_interpolation: 0,interpolation_duration: 1}
$data merge entity $(bone_left_arm) {transformation: [-0.9941f,-0.0755f,0.0777f,0.3125f,-0.0951f,0.9521f,-0.2906f,1.375f,-0.052f,-0.2963f,-0.9537f,0f,0f,0f,0f,1f],start_interpolation: 0,interpolation_duration: 1}