# This file was generated by Animated Java via MC-Build. It is not recommended to edit this file directly.
$data merge entity $(bone_head) {transformation: [-0.9998f,0.021f,0.0026f,0f,0.0212f,0.9959f,0.0885f,1.5f,-0.0007f,0.0885f,-0.9961f,0f,0f,0f,0f,1f],start_interpolation: 0,interpolation_duration: 1}
$data merge entity $(bone_right_arm) {transformation: [-0.9852f,0.1715f,-0.0054f,-0.3125f,0.1619f,0.919f,-0.3594f,1.375f,-0.0567f,-0.3549f,-0.9332f,0f,0f,0f,0f,1f],start_interpolation: 0,interpolation_duration: 1}
$data merge entity $(bone_left_arm) {transformation: [-0.9865f,-0.1614f,0.026f,0.3125f,-0.1602f,0.9229f,-0.35f,1.375f,0.0325f,-0.3495f,-0.9364f,0f,0f,0f,0f,1f],start_interpolation: 0,interpolation_duration: 1}