# This file was generated by Animated Java via MC-Build. It is not recommended to edit this file directly.
$data merge entity $(bone_head) {transformation: [-0.9992f,0.0199f,0.0338f,0f,0.0231f,0.9952f,0.0956f,1.5f,-0.0317f,0.0963f,-0.9948f,0f,0f,0f,0f,1f],start_interpolation: 0,interpolation_duration: 1}
$data merge entity $(bone_right_arm) {transformation: [-0.9845f,0.1751f,-0.0061f,-0.3125f,0.1652f,0.9164f,-0.3645f,1.375f,-0.0583f,-0.3599f,-0.9312f,0f,0f,0f,0f,1f],start_interpolation: 0,interpolation_duration: 1}
$data merge entity $(bone_left_arm) {transformation: [-0.9853f,-0.1693f,0.0219f,0.3125f,-0.1659f,0.9198f,-0.3556f,1.375f,0.04f,-0.3541f,-0.9344f,0f,0f,0f,0f,1f],start_interpolation: 0,interpolation_duration: 1}