# This file was generated by Animated Java via MC-Build. It is not recommended to edit this file directly.
$data merge entity $(bone_head) {transformation: [-0.9415f,0.0008f,-0.3371f,0f,0.0003f,1f,0.0014f,1.5f,0.3371f,0.0013f,-0.9415f,0f,0f,0f,0f,1f],start_interpolation: 0,interpolation_duration: 1}
$data merge entity $(bone_right_arm) {transformation: [-0.9914f,0.1311f,0f,-0.3125f,0.125f,0.9452f,-0.3016f,1.375f,-0.0395f,-0.299f,-0.9534f,0f,0f,0f,0f,1f],start_interpolation: 0,interpolation_duration: 1}
$data merge entity $(bone_left_arm) {transformation: [-0.9941f,-0.0766f,0.077f,0.3125f,-0.0959f,0.9518f,-0.2913f,1.375f,-0.0509f,-0.297f,-0.9535f,0f,0f,0f,0f,1f],start_interpolation: 0,interpolation_duration: 1}