# This file was generated by Animated Java via MC-Build. It is not recommended to edit this file directly.
$data merge entity $(bone_head) {transformation: [-0.9977f,0.0183f,0.0648f,0f,0.0249f,0.9944f,0.1026f,1.5f,-0.0626f,0.1039f,-0.9926f,0f,0f,0f,0f,1f],start_interpolation: 0,interpolation_duration: 1}
$data merge entity $(bone_right_arm) {transformation: [-0.9839f,0.1787f,-0.0068f,-0.3125f,0.1685f,0.9138f,-0.3696f,1.375f,-0.0598f,-0.3648f,-0.9291f,0f,0f,0f,0f,1f],start_interpolation: 0,interpolation_duration: 1}
$data merge entity $(bone_left_arm) {transformation: [-0.984f,-0.1771f,0.018f,0.3125f,-0.1716f,0.9165f,-0.3613f,1.375f,0.0475f,-0.3586f,-0.9323f,0f,0f,0f,0f,1f],start_interpolation: 0,interpolation_duration: 1}