# This file was generated by Animated Java via MC-Build. It is not recommended to edit this file directly.
$data merge entity $(bone_head) {transformation: [-0.9953f,0.0162f,0.0954f,0f,0.0267f,0.9936f,0.1093f,1.5f,-0.093f,0.1114f,-0.9894f,0f,0f,0f,0f,1f],start_interpolation: 0,interpolation_duration: 1}
$data merge entity $(bone_right_arm) {transformation: [-0.9832f,0.1822f,-0.0076f,-0.3125f,0.1718f,0.9111f,-0.3747f,1.375f,-0.0613f,-0.3697f,-0.9271f,0f,0f,0f,0f,1f],start_interpolation: 0,interpolation_duration: 1}
$data merge entity $(bone_left_arm) {transformation: [-0.9826f,-0.1849f,0.0142f,0.3125f,-0.1772f,0.9133f,-0.3669f,1.375f,0.0549f,-0.363f,-0.9302f,0f,0f,0f,0f,1f],start_interpolation: 0,interpolation_duration: 1}