# This file was generated by Animated Java via MC-Build. It is not recommended to edit this file directly.
$data merge entity $(bone_head) {transformation: [-0.992f,0.0137f,0.1254f,0f,0.0284f,0.9929f,0.1159f,1.5f,-0.1229f,0.1185f,-0.9853f,0f,0f,0f,0f,1f],start_interpolation: 0,interpolation_duration: 1}
$data merge entity $(bone_right_arm) {transformation: [-0.9826f,0.1857f,-0.0084f,-0.3125f,0.175f,0.9084f,-0.3796f,1.375f,-0.0628f,-0.3745f,-0.9251f,0f,0f,0f,0f,1f],start_interpolation: 0,interpolation_duration: 1}
$data merge entity $(bone_left_arm) {transformation: [-0.9812f,-0.1926f,0.0105f,0.3125f,-0.1826f,0.9099f,-0.3724f,1.375f,0.0622f,-0.3673f,-0.928f,0f,0f,0f,0f,1f],start_interpolation: 0,interpolation_duration: 1}