# This file was generated by Animated Java via MC-Build. It is not recommended to edit this file directly.
$data merge entity $(bone_head) {transformation: [-0.9879f,0.0109f,0.1544f,0f,0.03f,0.9921f,0.1221f,1.5f,-0.1518f,0.1253f,-0.9804f,0f,0f,0f,0f,1f],start_interpolation: 0,interpolation_duration: 1}
$data merge entity $(bone_right_arm) {transformation: [-0.9819f,0.1891f,-0.0093f,-0.3125f,0.1781f,0.9058f,-0.3844f,1.375f,-0.0643f,-0.3791f,-0.9231f,0f,0f,0f,0f,1f],start_interpolation: 0,interpolation_duration: 1}
$data merge entity $(bone_left_arm) {transformation: [-0.9797f,-0.2002f,0.007f,0.3125f,-0.1879f,0.9066f,-0.3778f,1.375f,0.0692f,-0.3715f,-0.9258f,0f,0f,0f,0f,1f],start_interpolation: 0,interpolation_duration: 1}