# This file was generated by Animated Java via MC-Build. It is not recommended to edit this file directly.
$data merge entity $(bone_head) {transformation: [-0.9832f,0.0078f,0.1823f,0f,0.0316f,0.9913f,0.1281f,1.5f,-0.1797f,0.1317f,-0.9749f,0f,0f,0f,0f,1f],start_interpolation: 0,interpolation_duration: 1}
$data merge entity $(bone_right_arm) {transformation: [-0.9813f,0.1924f,-0.0101f,-0.3125f,0.1811f,0.9032f,-0.389f,1.375f,-0.0657f,-0.3836f,-0.9212f,0f,0f,0f,0f,1f],start_interpolation: 0,interpolation_duration: 1}
$data merge entity $(bone_left_arm) {transformation: [-0.9782f,-0.2075f,0.0038f,0.3125f,-0.193f,0.9033f,-0.3831f,1.375f,0.0761f,-0.3755f,-0.9237f,0f,0f,0f,0f,1f],start_interpolation: 0,interpolation_duration: 1}