# This file was generated by Animated Java via MC-Build. It is not recommended to edit this file directly.
$data merge entity $(bone_head) {transformation: [-0.9779f,0.0044f,0.2088f,0f,0.033f,0.9905f,0.1337f,1.5f,-0.2063f,0.1376f,-0.9688f,0f,0f,0f,0f,1f],start_interpolation: 0,interpolation_duration: 1}
$data merge entity $(bone_right_arm) {transformation: [-0.9806f,0.1955f,-0.011f,-0.3125f,0.1839f,0.9008f,-0.3935f,1.375f,-0.067f,-0.3879f,-0.9193f,0f,0f,0f,0f,1f],start_interpolation: 0,interpolation_duration: 1}
$data merge entity $(bone_left_arm) {transformation: [-0.9767f,-0.2145f,0.0007f,0.3125f,-0.1979f,0.9001f,-0.3882f,1.375f,0.0826f,-0.3793f,-0.9216f,0f,0f,0f,0f,1f],start_interpolation: 0,interpolation_duration: 1}