# This file was generated by Animated Java via MC-Build. It is not recommended to edit this file directly.
$data merge entity $(bone_head) {transformation: [-0.9723f,0.0009f,0.2339f,0f,0.0343f,0.9897f,0.1389f,1.5f,-0.2313f,0.1431f,-0.9623f,0f,0f,0f,0f,1f],start_interpolation: 0,interpolation_duration: 1}
$data merge entity $(bone_right_arm) {transformation: [-0.98f,0.1984f,-0.0118f,-0.3125f,0.1867f,0.8984f,-0.3976f,1.375f,-0.0683f,-0.3919f,-0.9175f,0f,0f,0f,0f,1f],start_interpolation: 0,interpolation_duration: 1}
$data merge entity $(bone_left_arm) {transformation: [-0.9752f,-0.2211f,-0.0021f,0.3125f,-0.2025f,0.8969f,-0.3931f,1.375f,0.0888f,-0.3829f,-0.9195f,0f,0f,0f,0f,1f],start_interpolation: 0,interpolation_duration: 1}