# This file was generated by Animated Java via MC-Build. It is not recommended to edit this file directly.
$data merge entity $(bone_head) {transformation: [-0.9664f,-0.0027f,0.2572f,0f,0.0355f,0.989f,0.1438f,1.5f,-0.2547f,0.1481f,-0.9556f,0f,0f,0f,0f,1f],start_interpolation: 0,interpolation_duration: 1}
$data merge entity $(bone_right_arm) {transformation: [-0.9795f,0.2012f,-0.0126f,-0.3125f,0.1892f,0.8961f,-0.4016f,1.375f,-0.0695f,-0.3957f,-0.9157f,0f,0f,0f,0f,1f],start_interpolation: 0,interpolation_duration: 1}
$data merge entity $(bone_left_arm) {transformation: [-0.9738f,-0.2274f,-0.0047f,0.3125f,-0.2068f,0.8939f,-0.3977f,1.375f,0.0946f,-0.3863f,-0.9175f,0f,0f,0f,0f,1f],start_interpolation: 0,interpolation_duration: 1}