# This file was generated by Animated Java via MC-Build. It is not recommended to edit this file directly.
$data merge entity $(bone_head) {transformation: [-0.9604f,-0.0062f,0.2787f,0f,0.0366f,0.9883f,0.1482f,1.5f,-0.2763f,0.1526f,-0.9489f,0f,0f,0f,0f,1f],start_interpolation: 0,interpolation_duration: 1}
$data merge entity $(bone_right_arm) {transformation: [-0.9789f,0.2038f,-0.0133f,-0.3125f,0.1916f,0.8939f,-0.4052f,1.375f,-0.0706f,-0.3992f,-0.9141f,0f,0f,0f,0f,1f],start_interpolation: 0,interpolation_duration: 1}
$data merge entity $(bone_left_arm) {transformation: [-0.9724f,-0.2332f,-0.007f,0.3125f,-0.2108f,0.8911f,-0.4019f,1.375f,0.1f,-0.3894f,-0.9156f,0f,0f,0f,0f,1f],start_interpolation: 0,interpolation_duration: 1}