# This file was generated by Animated Java via MC-Build. It is not recommended to edit this file directly.
$data merge entity $(bone_head) {transformation: [-0.9545f,-0.0097f,0.2982f,0f,0.0376f,0.9876f,0.1523f,1.5f,-0.2959f,0.1565f,-0.9423f,0f,0f,0f,0f,1f],start_interpolation: 0,interpolation_duration: 1}
$data merge entity $(bone_right_arm) {transformation: [-0.9784f,0.2061f,-0.014f,-0.3125f,0.1937f,0.892f,-0.4085f,1.375f,-0.0717f,-0.4024f,-0.9126f,0f,0f,0f,0f,1f],start_interpolation: 0,interpolation_duration: 1}
$data merge entity $(bone_left_arm) {transformation: [-0.9711f,-0.2386f,-0.0092f,0.3125f,-0.2145f,0.8884f,-0.4059f,1.375f,0.105f,-0.3922f,-0.9139f,0f,0f,0f,0f,1f],start_interpolation: 0,interpolation_duration: 1}