# This file was generated by Animated Java via MC-Build. It is not recommended to edit this file directly.
$data merge entity $(bone_head) {transformation: [-0.9437f,0.0017f,-0.3309f,0f,0.0007f,1f,0.0032f,1.5f,0.3309f,0.0028f,-0.9437f,0f,0f,0f,0f,1f],start_interpolation: 0,interpolation_duration: 1}
$data merge entity $(bone_right_arm) {transformation: [-0.9913f,0.1319f,-0.0001f,-0.3125f,0.1258f,0.9448f,-0.3027f,1.375f,-0.0398f,-0.3001f,-0.9531f,0f,0f,0f,0f,1f],start_interpolation: 0,interpolation_duration: 1}
$data merge entity $(bone_left_arm) {transformation: [-0.994f,-0.0782f,0.0759f,0.3125f,-0.0971f,0.9514f,-0.2924f,1.375f,-0.0494f,-0.298f,-0.9533f,0f,0f,0f,0f,1f],start_interpolation: 0,interpolation_duration: 1}