# This file was generated by Animated Java via MC-Build. It is not recommended to edit this file directly.
$data merge entity $(bone_head) {transformation: [-0.9488f,-0.0129f,0.3156f,0f,0.0384f,0.987f,0.1558f,1.5f,-0.3135f,0.16f,-0.936f,0f,0f,0f,0f,1f],start_interpolation: 0,interpolation_duration: 1}
$data merge entity $(bone_right_arm) {transformation: [-0.978f,0.2082f,-0.0147f,-0.3125f,0.1957f,0.8902f,-0.4115f,1.375f,-0.0726f,-0.4053f,-0.9113f,0f,0f,0f,0f,1f],start_interpolation: 0,interpolation_duration: 1}
$data merge entity $(bone_left_arm) {transformation: [-0.9699f,-0.2434f,-0.011f,0.3125f,-0.2177f,0.886f,-0.4094f,1.375f,0.1094f,-0.3947f,-0.9123f,0f,0f,0f,0f,1f],start_interpolation: 0,interpolation_duration: 1}