# This file was generated by Animated Java via MC-Build. It is not recommended to edit this file directly.
$data merge entity $(bone_head) {transformation: [-0.9436f,-0.0159f,0.3308f,0f,0.0391f,0.9865f,0.159f,1.5f,-0.3289f,0.1629f,-0.9302f,0f,0f,0f,0f,1f],start_interpolation: 0,interpolation_duration: 1}
$data merge entity $(bone_right_arm) {transformation: [-0.9776f,0.2101f,-0.0153f,-0.3125f,0.1974f,0.8886f,-0.4141f,1.375f,-0.0734f,-0.4078f,-0.9101f,0f,0f,0f,0f,1f],start_interpolation: 0,interpolation_duration: 1}
$data merge entity $(bone_left_arm) {transformation: [-0.9688f,-0.2477f,-0.0126f,0.3125f,-0.2206f,0.8838f,-0.4126f,1.375f,0.1133f,-0.3969f,-0.9108f,0f,0f,0f,0f,1f],start_interpolation: 0,interpolation_duration: 1}