# This file was generated by Animated Java via MC-Build. It is not recommended to edit this file directly.
$data merge entity $(bone_head) {transformation: [-0.9388f,-0.0185f,0.3438f,0f,0.0397f,0.9861f,0.1616f,1.5f,-0.342f,0.1654f,-0.925f,0f,0f,0f,0f,1f],start_interpolation: 0,interpolation_duration: 1}
$data merge entity $(bone_right_arm) {transformation: [-0.9772f,0.2116f,-0.0158f,-0.3125f,0.1989f,0.8872f,-0.4163f,1.375f,-0.0741f,-0.41f,-0.9091f,0f,0f,0f,0f,1f],start_interpolation: 0,interpolation_duration: 1}
$data merge entity $(bone_left_arm) {transformation: [-0.9678f,-0.2513f,-0.014f,0.3125f,-0.223f,0.8819f,-0.4153f,1.375f,0.1167f,-0.3988f,-0.9096f,0f,0f,0f,0f,1f],start_interpolation: 0,interpolation_duration: 1}