# This file was generated by Animated Java via MC-Build. It is not recommended to edit this file directly.
$data merge entity $(bone_head) {transformation: [-0.9348f,-0.0208f,0.3546f,0f,0.0402f,0.9857f,0.1638f,1.5f,-0.3529f,0.1674f,-0.9206f,0f,0f,0f,0f,1f],start_interpolation: 0,interpolation_duration: 1}
$data merge entity $(bone_right_arm) {transformation: [-0.9769f,0.213f,-0.0162f,-0.3125f,0.2001f,0.886f,-0.4182f,1.375f,-0.0747f,-0.4118f,-0.9082f,0f,0f,0f,0f,1f],start_interpolation: 0,interpolation_duration: 1}
$data merge entity $(bone_left_arm) {transformation: [-0.967f,-0.2544f,-0.0151f,0.3125f,-0.2251f,0.8804f,-0.4175f,1.375f,0.1195f,-0.4003f,-0.9086f,0f,0f,0f,0f,1f],start_interpolation: 0,interpolation_duration: 1}