# This file was generated by Animated Java via MC-Build. It is not recommended to edit this file directly.
$data merge entity $(bone_head) {transformation: [-0.9315f,-0.0226f,0.3629f,0f,0.0406f,0.9854f,0.1655f,1.5f,-0.3614f,0.1689f,-0.917f,0f,0f,0f,0f,1f],start_interpolation: 0,interpolation_duration: 1}
$data merge entity $(bone_right_arm) {transformation: [-0.9767f,0.214f,-0.0166f,-0.3125f,0.2011f,0.8851f,-0.4197f,1.375f,-0.0751f,-0.4132f,-0.9075f,0f,0f,0f,0f,1f],start_interpolation: 0,interpolation_duration: 1}
$data merge entity $(bone_left_arm) {transformation: [-0.9663f,-0.2568f,-0.0159f,0.3125f,-0.2267f,0.8791f,-0.4193f,1.375f,0.1217f,-0.4015f,-0.9077f,0f,0f,0f,0f,1f],start_interpolation: 0,interpolation_duration: 1}