# This file was generated by Animated Java via MC-Build. It is not recommended to edit this file directly.
$data merge entity $(bone_head) {transformation: [-0.9291f,-0.0239f,0.3689f,0f,0.0408f,0.9852f,0.1667f,1.5f,-0.3674f,0.17f,-0.9144f,0f,0f,0f,0f,1f],start_interpolation: 0,interpolation_duration: 1}
$data merge entity $(bone_right_arm) {transformation: [-0.9765f,0.2147f,-0.0168f,-0.3125f,0.2017f,0.8845f,-0.4207f,1.375f,-0.0755f,-0.4142f,-0.907f,0f,0f,0f,0f,1f],start_interpolation: 0,interpolation_duration: 1}
$data merge entity $(bone_left_arm) {transformation: [-0.9659f,-0.2585f,-0.0165f,0.3125f,-0.2278f,0.8782f,-0.4205f,1.375f,0.1232f,-0.4024f,-0.9071f,0f,0f,0f,0f,1f],start_interpolation: 0,interpolation_duration: 1}