# This file was generated by Animated Java via MC-Build. It is not recommended to edit this file directly.
$data merge entity $(bone_head) {transformation: [-0.9277f,-0.0247f,0.3725f,0f,0.041f,0.985f,0.1675f,1.5f,-0.3711f,0.1707f,-0.9128f,0f,0f,0f,0f,1f],start_interpolation: 0,interpolation_duration: 1}
$data merge entity $(bone_right_arm) {transformation: [-0.9764f,0.2152f,-0.017f,-0.3125f,0.2022f,0.8841f,-0.4213f,1.375f,-0.0756f,-0.4148f,-0.9067f,0f,0f,0f,0f,1f],start_interpolation: 0,interpolation_duration: 1}
$data merge entity $(bone_left_arm) {transformation: [-0.9656f,-0.2595f,-0.0169f,0.3125f,-0.2285f,0.8777f,-0.4213f,1.375f,0.1242f,-0.4029f,-0.9068f,0f,0f,0f,0f,1f],start_interpolation: 0,interpolation_duration: 1}