# This file was generated by Animated Java via MC-Build. It is not recommended to edit this file directly.
$data merge entity $(bone_head) {transformation: [-0.9272f,-0.025f,0.3738f,0f,0.0411f,0.985f,0.1677f,1.5f,-0.3723f,0.1709f,-0.9122f,0f,0f,0f,0f,1f],start_interpolation: 0,interpolation_duration: 1}
$data merge entity $(bone_right_arm) {transformation: [-0.9764f,0.2153f,-0.017f,-0.3125f,0.2023f,0.884f,-0.4216f,1.375f,-0.0757f,-0.415f,-0.9066f,0f,0f,0f,0f,1f],start_interpolation: 0,interpolation_duration: 1}
$data merge entity $(bone_left_arm) {transformation: [-0.9655f,-0.2599f,-0.017f,0.3125f,-0.2287f,0.8775f,-0.4216f,1.375f,0.1245f,-0.4031f,-0.9066f,0f,0f,0f,0f,1f],start_interpolation: 0,interpolation_duration: 1}