# This file was generated by Animated Java via MC-Build. It is not recommended to edit this file directly.
$data merge entity $(bone_head) {transformation: [-0.9275f,-0.0251f,0.373f,0f,0.0409f,0.9849f,0.1682f,1.5f,-0.3716f,0.1713f,-0.9125f,0f,0f,0f,0f,1f],start_interpolation: 0,interpolation_duration: 1}
$data merge entity $(bone_right_arm) {transformation: [-0.9764f,0.2152f,-0.017f,-0.3125f,0.2022f,0.884f,-0.4214f,1.375f,-0.0757f,-0.4149f,-0.9067f,0f,0f,0f,0f,1f],start_interpolation: 0,interpolation_duration: 1}
$data merge entity $(bone_left_arm) {transformation: [-0.9656f,-0.2596f,-0.017f,0.3125f,-0.2286f,0.8776f,-0.4214f,1.375f,0.1243f,-0.403f,-0.9067f,0f,0f,0f,0f,1f],start_interpolation: 0,interpolation_duration: 1}