# This file was generated by Animated Java via MC-Build. It is not recommended to edit this file directly.
$data merge entity $(bone_head) {transformation: [-0.9284f,-0.0256f,0.3706f,0f,0.0406f,0.9847f,0.1696f,1.5f,-0.3693f,0.1725f,-0.9132f,0f,0f,0f,0f,1f],start_interpolation: 0,interpolation_duration: 1}
$data merge entity $(bone_right_arm) {transformation: [-0.9765f,0.215f,-0.0169f,-0.3125f,0.202f,0.8843f,-0.421f,1.375f,-0.0755f,-0.4145f,-0.9069f,0f,0f,0f,0f,1f],start_interpolation: 0,interpolation_duration: 1}
$data merge entity $(bone_left_arm) {transformation: [-0.9657f,-0.259f,-0.0167f,0.3125f,-0.2282f,0.8779f,-0.4209f,1.375f,0.1237f,-0.4027f,-0.9069f,0f,0f,0f,0f,1f],start_interpolation: 0,interpolation_duration: 1}