# This file was generated by Animated Java via MC-Build. It is not recommended to edit this file directly.
$data merge entity $(bone_head) {transformation: [-0.9466f,0.003f,-0.3223f,0f,0.0012f,1f,0.0057f,1.5f,0.3223f,0.005f,-0.9466f,0f,0f,0f,0f,1f],start_interpolation: 0,interpolation_duration: 1}
$data merge entity $(bone_right_arm) {transformation: [-0.9911f,0.133f,-0.0002f,-0.3125f,0.1267f,0.9441f,-0.3042f,1.375f,-0.0403f,-0.3016f,-0.9526f,0f,0f,0f,0f,1f],start_interpolation: 0,interpolation_duration: 1}
$data merge entity $(bone_left_arm) {transformation: [-0.994f,-0.0803f,0.0744f,0.3125f,-0.0988f,0.9507f,-0.2938f,1.375f,-0.0472f,-0.2994f,-0.953f,0f,0f,0f,0f,1f],start_interpolation: 0,interpolation_duration: 1}