# This file was generated by Animated Java via MC-Build. It is not recommended to edit this file directly.
$data merge entity $(bone_head) {transformation: [-0.9299f,-0.0263f,0.3668f,0f,0.0399f,0.9843f,0.1719f,1.5f,-0.3655f,0.1745f,-0.9143f,0f,0f,0f,0f,1f],start_interpolation: 0,interpolation_duration: 1}
$data merge entity $(bone_right_arm) {transformation: [-0.9766f,0.2145f,-0.0168f,-0.3125f,0.2015f,0.8847f,-0.4204f,1.375f,-0.0753f,-0.4139f,-0.9072f,0f,0f,0f,0f,1f],start_interpolation: 0,interpolation_duration: 1}
$data merge entity $(bone_left_arm) {transformation: [-0.966f,-0.2579f,-0.0164f,0.3125f,-0.2274f,0.8785f,-0.4201f,1.375f,0.1227f,-0.4021f,-0.9073f,0f,0f,0f,0f,1f],start_interpolation: 0,interpolation_duration: 1}