# This file was generated by Animated Java via MC-Build. It is not recommended to edit this file directly.
$data merge entity $(bone_head) {transformation: [-0.932f,-0.0273f,0.3613f,0f,0.0391f,0.9838f,0.1752f,1.5f,-0.3603f,0.1774f,-0.9158f,0f,0f,0f,0f,1f],start_interpolation: 0,interpolation_duration: 1}
$data merge entity $(bone_right_arm) {transformation: [-0.9767f,0.2139f,-0.0165f,-0.3125f,0.2009f,0.8853f,-0.4195f,1.375f,-0.0751f,-0.413f,-0.9076f,0f,0f,0f,0f,1f],start_interpolation: 0,interpolation_duration: 1}
$data merge entity $(bone_left_arm) {transformation: [-0.9664f,-0.2564f,-0.0158f,0.3125f,-0.2265f,0.8793f,-0.419f,1.375f,0.1214f,-0.4014f,-0.9078f,0f,0f,0f,0f,1f],start_interpolation: 0,interpolation_duration: 1}