# This file was generated by Animated Java via MC-Build. It is not recommended to edit this file directly.
$data merge entity $(bone_head) {transformation: [-0.9347f,-0.0285f,0.3544f,0f,0.038f,0.9831f,0.1793f,1.5f,-0.3535f,0.181f,-0.9178f,0f,0f,0f,0f,1f],start_interpolation: 0,interpolation_duration: 1}
$data merge entity $(bone_right_arm) {transformation: [-0.9769f,0.213f,-0.0163f,-0.3125f,0.2002f,0.886f,-0.4183f,1.375f,-0.0747f,-0.4119f,-0.9082f,0f,0f,0f,0f,1f],start_interpolation: 0,interpolation_duration: 1}
$data merge entity $(bone_left_arm) {transformation: [-0.9669f,-0.2545f,-0.0151f,0.3125f,-0.2252f,0.8803f,-0.4176f,1.375f,0.1196f,-0.4004f,-0.9085f,0f,0f,0f,0f,1f],start_interpolation: 0,interpolation_duration: 1}