# This file was generated by Animated Java via MC-Build. It is not recommended to edit this file directly.
$data merge entity $(bone_head) {transformation: [-0.9378f,-0.03f,0.3459f,0f,0.0366f,0.9822f,0.1843f,1.5f,-0.3453f,0.1855f,-0.92f,0f,0f,0f,0f,1f],start_interpolation: 0,interpolation_duration: 1}
$data merge entity $(bone_right_arm) {transformation: [-0.9771f,0.212f,-0.0159f,-0.3125f,0.1992f,0.8868f,-0.4169f,1.375f,-0.0743f,-0.4105f,-0.9088f,0f,0f,0f,0f,1f],start_interpolation: 0,interpolation_duration: 1}
$data merge entity $(bone_left_arm) {transformation: [-0.9676f,-0.2522f,-0.0143f,0.3125f,-0.2236f,0.8815f,-0.4159f,1.375f,0.1175f,-0.3992f,-0.9093f,0f,0f,0f,0f,1f],start_interpolation: 0,interpolation_duration: 1}