# This file was generated by Animated Java via MC-Build. It is not recommended to edit this file directly.
$data merge entity $(bone_head) {transformation: [-0.9413f,-0.0315f,0.336f,0f,0.035f,0.9812f,0.19f,1.5f,-0.3356f,0.1906f,-0.9225f,0f,0f,0f,0f,1f],start_interpolation: 0,interpolation_duration: 1}
$data merge entity $(bone_right_arm) {transformation: [-0.9774f,0.2109f,-0.0156f,-0.3125f,0.1982f,0.8879f,-0.4153f,1.375f,-0.0738f,-0.4089f,-0.9096f,0f,0f,0f,0f,1f],start_interpolation: 0,interpolation_duration: 1}
$data merge entity $(bone_left_arm) {transformation: [-0.9683f,-0.2495f,-0.0133f,0.3125f,-0.2218f,0.8829f,-0.4139f,1.375f,0.115f,-0.3978f,-0.9102f,0f,0f,0f,0f,1f],start_interpolation: 0,interpolation_duration: 1}