# This file was generated by Animated Java via MC-Build. It is not recommended to edit this file directly.
$data merge entity $(bone_head) {transformation: [-0.9453f,-0.0332f,0.3245f,0f,0.0331f,0.9799f,0.1966f,1.5f,-0.3246f,0.1966f,-0.9252f,0f,0f,0f,0f,1f],start_interpolation: 0,interpolation_duration: 1}
$data merge entity $(bone_right_arm) {transformation: [-0.9777f,0.2095f,-0.0151f,-0.3125f,0.1969f,0.889f,-0.4134f,1.375f,-0.0732f,-0.4071f,-0.9104f,0f,0f,0f,0f,1f],start_interpolation: 0,interpolation_duration: 1}
$data merge entity $(bone_left_arm) {transformation: [-0.9691f,-0.2465f,-0.0122f,0.3125f,-0.2198f,0.8844f,-0.4117f,1.375f,0.1122f,-0.3963f,-0.9113f,0f,0f,0f,0f,1f],start_interpolation: 0,interpolation_duration: 1}