# This file was generated by Animated Java via MC-Build. It is not recommended to edit this file directly.
$data merge entity $(bone_head) {transformation: [-0.9495f,-0.0349f,0.3117f,0f,0.031f,0.9785f,0.2039f,1.5f,-0.3121f,0.2032f,-0.9281f,0f,0f,0f,0f,1f],start_interpolation: 0,interpolation_duration: 1}
$data merge entity $(bone_right_arm) {transformation: [-0.978f,0.208f,-0.0146f,-0.3125f,0.1955f,0.8903f,-0.4112f,1.375f,-0.0725f,-0.4051f,-0.9114f,0f,0f,0f,0f,1f],start_interpolation: 0,interpolation_duration: 1}
$data merge entity $(bone_left_arm) {transformation: [-0.97f,-0.243f,-0.0109f,0.3125f,-0.2175f,0.8862f,-0.4091f,1.375f,0.1091f,-0.3945f,-0.9124f,0f,0f,0f,0f,1f],start_interpolation: 0,interpolation_duration: 1}