# This file was generated by Animated Java via MC-Build. It is not recommended to edit this file directly.
$data merge entity $(bone_head) {transformation: [-0.954f,-0.0366f,0.2974f,0f,0.0286f,0.9769f,0.2118f,1.5f,-0.2983f,0.2106f,-0.9309f,0f,0f,0f,0f,1f],start_interpolation: 0,interpolation_duration: 1}
$data merge entity $(bone_right_arm) {transformation: [-0.9784f,0.2064f,-0.0141f,-0.3125f,0.194f,0.8917f,-0.4089f,1.375f,-0.0718f,-0.4028f,-0.9125f,0f,0f,0f,0f,1f],start_interpolation: 0,interpolation_duration: 1}
$data merge entity $(bone_left_arm) {transformation: [-0.9709f,-0.2392f,-0.0094f,0.3125f,-0.2149f,0.8881f,-0.4063f,1.375f,0.1056f,-0.3925f,-0.9137f,0f,0f,0f,0f,1f],start_interpolation: 0,interpolation_duration: 1}