# This file was generated by Animated Java via MC-Build. It is not recommended to edit this file directly.
$data merge entity $(bone_head) {transformation: [-0.9587f,-0.0381f,0.2819f,0f,0.026f,0.9751f,0.2204f,1.5f,-0.2832f,0.2186f,-0.9338f,0f,0f,0f,0f,1f],start_interpolation: 0,interpolation_duration: 1}
$data merge entity $(bone_right_arm) {transformation: [-0.9788f,0.2046f,-0.0136f,-0.3125f,0.1923f,0.8932f,-0.4064f,1.375f,-0.071f,-0.4003f,-0.9136f,0f,0f,0f,0f,1f],start_interpolation: 0,interpolation_duration: 1}
$data merge entity $(bone_left_arm) {transformation: [-0.9719f,-0.2351f,-0.0078f,0.3125f,-0.2121f,0.8901f,-0.4033f,1.375f,0.1018f,-0.3903f,-0.915f,0f,0f,0f,0f,1f],start_interpolation: 0,interpolation_duration: 1}