# This file was generated by Animated Java via MC-Build. It is not recommended to edit this file directly.
$data merge entity $(bone_head) {transformation: [-0.9634f,-0.0396f,0.265f,0f,0.0232f,0.973f,0.2295f,1.5f,-0.2669f,0.2272f,-0.9365f,0f,0f,0f,0f,1f],start_interpolation: 0,interpolation_duration: 1}
$data merge entity $(bone_right_arm) {transformation: [-0.9792f,0.2026f,-0.013f,-0.3125f,0.1905f,0.8949f,-0.4036f,1.375f,-0.0702f,-0.3977f,-0.9148f,0f,0f,0f,0f,1f],start_interpolation: 0,interpolation_duration: 1}
$data merge entity $(bone_left_arm) {transformation: [-0.973f,-0.2307f,-0.006f,0.3125f,-0.2091f,0.8923f,-0.4001f,1.375f,0.0977f,-0.388f,-0.9165f,0f,0f,0f,0f,1f],start_interpolation: 0,interpolation_duration: 1}