# This file was generated by Animated Java via MC-Build. It is not recommended to edit this file directly.
$data merge entity $(bone_head) {transformation: [-0.9503f,0.0045f,-0.3113f,0f,0.0019f,1f,0.0088f,1.5f,0.3114f,0.0078f,-0.9503f,0f,0f,0f,0f,1f],start_interpolation: 0,interpolation_duration: 1}
$data merge entity $(bone_right_arm) {transformation: [-0.9909f,0.1343f,-0.0003f,-0.3125f,0.128f,0.9433f,-0.3062f,1.375f,-0.0409f,-0.3035f,-0.952f,0f,0f,0f,0f,1f],start_interpolation: 0,interpolation_duration: 1}
$data merge entity $(bone_left_arm) {transformation: [-0.9939f,-0.0831f,0.0726f,0.3125f,-0.101f,0.9499f,-0.2957f,1.375f,-0.0444f,-0.3012f,-0.9525f,0f,0f,0f,0f,1f],start_interpolation: 0,interpolation_duration: 1}