# This file was generated by Animated Java via MC-Build. It is not recommended to edit this file directly.
$data merge entity $(bone_head) {transformation: [-0.9682f,-0.0408f,0.2469f,0f,0.0201f,0.9708f,0.239f,1.5f,-0.2494f,0.2364f,-0.9391f,0f,0f,0f,0f,1f],start_interpolation: 0,interpolation_duration: 1}
$data merge entity $(bone_right_arm) {transformation: [-0.9796f,0.2006f,-0.0124f,-0.3125f,0.1886f,0.8966f,-0.4007f,1.375f,-0.0693f,-0.3948f,-0.9161f,0f,0f,0f,0f,1f],start_interpolation: 0,interpolation_duration: 1}
$data merge entity $(bone_left_arm) {transformation: [-0.9741f,-0.226f,-0.0041f,0.3125f,-0.2059f,0.8946f,-0.3966f,1.375f,0.0933f,-0.3855f,-0.918f,0f,0f,0f,0f,1f],start_interpolation: 0,interpolation_duration: 1}