# This file was generated by Animated Java via MC-Build. It is not recommended to edit this file directly.
$data merge entity $(bone_head) {transformation: [-0.9728f,-0.0417f,0.2277f,0f,0.0168f,0.9684f,0.249f,1.5f,-0.2309f,0.2461f,-0.9414f,0f,0f,0f,0f,1f],start_interpolation: 0,interpolation_duration: 1}
$data merge entity $(bone_right_arm) {transformation: [-0.9801f,0.1984f,-0.0118f,-0.3125f,0.1866f,0.8984f,-0.3976f,1.375f,-0.0683f,-0.3918f,-0.9175f,0f,0f,0f,0f,1f],start_interpolation: 0,interpolation_duration: 1}
$data merge entity $(bone_left_arm) {transformation: [-0.9753f,-0.221f,-0.002f,0.3125f,-0.2024f,0.897f,-0.393f,1.375f,0.0887f,-0.3828f,-0.9195f,0f,0f,0f,0f,1f],start_interpolation: 0,interpolation_duration: 1}