# This file was generated by Animated Java via MC-Build. It is not recommended to edit this file directly.
$data merge entity $(bone_head) {transformation: [-0.9773f,-0.0422f,0.2074f,0f,0.0133f,0.9657f,0.2593f,1.5f,-0.2112f,0.2562f,-0.9433f,0f,0f,0f,0f,1f],start_interpolation: 0,interpolation_duration: 1}
$data merge entity $(bone_right_arm) {transformation: [-0.9805f,0.196f,-0.0111f,-0.3125f,0.1845f,0.9003f,-0.3943f,1.375f,-0.0673f,-0.3887f,-0.9189f,0f,0f,0f,0f,1f],start_interpolation: 0,interpolation_duration: 1}
$data merge entity $(bone_left_arm) {transformation: [-0.9764f,-0.2158f,0.0002f,0.3125f,-0.1988f,0.8995f,-0.3892f,1.375f,0.0838f,-0.38f,-0.9212f,0f,0f,0f,0f,1f],start_interpolation: 0,interpolation_duration: 1}