# This file was generated by Animated Java via MC-Build. It is not recommended to edit this file directly.
$data merge entity $(bone_head) {transformation: [-0.9816f,-0.0424f,0.1861f,0f,0.0096f,0.9628f,0.2699f,1.5f,-0.1907f,0.2668f,-0.9447f,0f,0f,0f,0f,1f],start_interpolation: 0,interpolation_duration: 1}
$data merge entity $(bone_right_arm) {transformation: [-0.981f,0.1936f,-0.0105f,-0.3125f,0.1822f,0.9022f,-0.3909f,1.375f,-0.0663f,-0.3853f,-0.9204f,0f,0f,0f,0f,1f],start_interpolation: 0,interpolation_duration: 1}
$data merge entity $(bone_left_arm) {transformation: [-0.9776f,-0.2103f,0.0025f,0.3125f,-0.195f,0.902f,-0.3852f,1.375f,0.0788f,-0.3771f,-0.9228f,0f,0f,0f,0f,1f],start_interpolation: 0,interpolation_duration: 1}