# This file was generated by Animated Java via MC-Build. It is not recommended to edit this file directly.
$data merge entity $(bone_head) {transformation: [-0.9856f,-0.0421f,0.164f,0f,0.0057f,0.9598f,0.2807f,1.5f,-0.1692f,0.2776f,-0.9457f,0f,0f,0f,0f,1f],start_interpolation: 0,interpolation_duration: 1}
$data merge entity $(bone_right_arm) {transformation: [-0.9815f,0.1911f,-0.0098f,-0.3125f,0.1799f,0.9042f,-0.3873f,1.375f,-0.0652f,-0.3819f,-0.9219f,0f,0f,0f,0f,1f],start_interpolation: 0,interpolation_duration: 1}
$data merge entity $(bone_left_arm) {transformation: [-0.9788f,-0.2047f,0.005f,0.3125f,-0.1911f,0.9046f,-0.3811f,1.375f,0.0735f,-0.374f,-0.9245f,0f,0f,0f,0f,1f],start_interpolation: 0,interpolation_duration: 1}