# This file was generated by Animated Java via MC-Build. It is not recommended to edit this file directly.
$data merge entity $(bone_head) {transformation: [-0.9891f,-0.0413f,0.1412f,0f,0.0017f,0.9565f,0.2917f,1.5f,-0.1471f,0.2887f,-0.946f,0f,0f,0f,0f,1f],start_interpolation: 0,interpolation_duration: 1}
$data merge entity $(bone_right_arm) {transformation: [-0.982f,0.1885f,-0.0091f,-0.3125f,0.1776f,0.9063f,-0.3836f,1.375f,-0.064f,-0.3783f,-0.9234f,0f,0f,0f,0f,1f],start_interpolation: 0,interpolation_duration: 1}
$data merge entity $(bone_left_arm) {transformation: [-0.98f,-0.1989f,0.0076f,0.3125f,-0.187f,0.9072f,-0.3769f,1.375f,0.0681f,-0.3708f,-0.9262f,0f,0f,0f,0f,1f],start_interpolation: 0,interpolation_duration: 1}