# This file was generated by Animated Java via MC-Build. It is not recommended to edit this file directly.
$data merge entity $(bone_head) {transformation: [-0.9923f,-0.0399f,0.1177f,0f,-0.0024f,0.9531f,0.3026f,1.5f,-0.1242f,0.3f,-0.9458f,0f,0f,0f,0f,1f],start_interpolation: 0,interpolation_duration: 1}
$data merge entity $(bone_right_arm) {transformation: [-0.9825f,0.1859f,-0.0085f,-0.3125f,0.1751f,0.9083f,-0.3798f,1.375f,-0.0629f,-0.3747f,-0.925f,0f,0f,0f,0f,1f],start_interpolation: 0,interpolation_duration: 1}
$data merge entity $(bone_left_arm) {transformation: [-0.9812f,-0.193f,0.0104f,0.3125f,-0.1829f,0.9098f,-0.3726f,1.375f,0.0625f,-0.3675f,-0.9279f,0f,0f,0f,0f,1f],start_interpolation: 0,interpolation_duration: 1}