# This file was generated by Animated Java via MC-Build. It is not recommended to edit this file directly.
$data merge entity $(bone_head) {transformation: [-0.9949f,-0.0379f,0.0937f,0f,-0.0067f,0.9495f,0.3136f,1.5f,-0.1008f,0.3114f,-0.9449f,0f,0f,0f,0f,1f],start_interpolation: 0,interpolation_duration: 1}
$data merge entity $(bone_right_arm) {transformation: [-0.9831f,0.1831f,-0.0078f,-0.3125f,0.1726f,0.9104f,-0.376f,1.375f,-0.0617f,-0.3709f,-0.9266f,0f,0f,0f,0f,1f],start_interpolation: 0,interpolation_duration: 1}
$data merge entity $(bone_left_arm) {transformation: [-0.9823f,-0.1869f,0.0132f,0.3125f,-0.1786f,0.9124f,-0.3683f,1.375f,0.0568f,-0.3641f,-0.9296f,0f,0f,0f,0f,1f],start_interpolation: 0,interpolation_duration: 1}