# This file was generated by Animated Java via MC-Build. It is not recommended to edit this file directly.
$data merge entity $(bone_head) {transformation: [-0.997f,-0.0354f,0.0693f,0f,-0.011f,0.9458f,0.3245f,1.5f,-0.077f,0.3228f,-0.9433f,0f,0f,0f,0f,1f],start_interpolation: 0,interpolation_duration: 1}
$data merge entity $(bone_right_arm) {transformation: [-0.9836f,0.1804f,-0.0072f,-0.3125f,0.1701f,0.9125f,-0.372f,1.375f,-0.0605f,-0.3671f,-0.9282f,0f,0f,0f,0f,1f],start_interpolation: 0,interpolation_duration: 1}
$data merge entity $(bone_left_arm) {transformation: [-0.9834f,-0.1808f,0.0162f,0.3125f,-0.1742f,0.915f,-0.3639f,1.375f,0.051f,-0.3607f,-0.9313f,0f,0f,0f,0f,1f],start_interpolation: 0,interpolation_duration: 1}