# This file was generated by Animated Java via MC-Build. It is not recommended to edit this file directly.
$data merge entity $(bone_head) {transformation: [-0.9985f,-0.0323f,0.0446f,0f,-0.0154f,0.942f,0.3353f,1.5f,-0.0529f,0.3341f,-0.941f,0f,0f,0f,0f,1f],start_interpolation: 0,interpolation_duration: 1}
$data merge entity $(bone_right_arm) {transformation: [-0.9841f,0.1776f,-0.0066f,-0.3125f,0.1675f,0.9146f,-0.368f,1.375f,-0.0593f,-0.3633f,-0.9298f,0f,0f,0f,0f,1f],start_interpolation: 0,interpolation_duration: 1}
$data merge entity $(bone_left_arm) {transformation: [-0.9844f,-0.1746f,0.0192f,0.3125f,-0.1698f,0.9176f,-0.3595f,1.375f,0.0451f,-0.3571f,-0.933f,0f,0f,0f,0f,1f],start_interpolation: 0,interpolation_duration: 1}