# This file was generated by Animated Java via MC-Build. It is not recommended to edit this file directly.
$data merge entity $(bone_head) {transformation: [-0.9545f,0.0063f,-0.298f,0f,0.0027f,0.9999f,0.0126f,1.5f,0.2981f,0.0112f,-0.9545f,0f,0f,0f,0f,1f],start_interpolation: 0,interpolation_duration: 1}
$data merge entity $(bone_right_arm) {transformation: [-0.9907f,0.136f,-0.0004f,-0.3125f,0.1295f,0.9424f,-0.3086f,1.375f,-0.0416f,-0.3057f,-0.9512f,0f,0f,0f,0f,1f],start_interpolation: 0,interpolation_duration: 1}
$data merge entity $(bone_left_arm) {transformation: [-0.9938f,-0.0865f,0.0703f,0.3125f,-0.1036f,0.9489f,-0.298f,1.375f,-0.041f,-0.3034f,-0.952f,0f,0f,0f,0f,1f],start_interpolation: 0,interpolation_duration: 1}