# This file was generated by Animated Java via MC-Build. It is not recommended to edit this file directly.
$data merge entity $(bone_head) {transformation: [-0.9994f,-0.0285f,0.0199f,0f,-0.0199f,0.938f,0.3459f,1.5f,-0.0285f,0.3453f,-0.938f,0f,0f,0f,0f,1f],start_interpolation: 0,interpolation_duration: 1}
$data merge entity $(bone_right_arm) {transformation: [-0.9846f,0.1747f,-0.006f,-0.3125f,0.1649f,0.9167f,-0.364f,1.375f,-0.0581f,-0.3594f,-0.9314f,0f,0f,0f,0f,1f],start_interpolation: 0,interpolation_duration: 1}
$data merge entity $(bone_left_arm) {transformation: [-0.9855f,-0.1684f,0.0223f,0.3125f,-0.1653f,0.9201f,-0.355f,1.375f,0.0392f,-0.3536f,-0.9346f,0f,0f,0f,0f,1f],start_interpolation: 0,interpolation_duration: 1}