# This file was generated by Animated Java via MC-Build. It is not recommended to edit this file directly.
$data merge entity $(bone_head) {transformation: [-0.9997f,-0.0242f,-0.0048f,0f,-0.0243f,0.9341f,0.3563f,1.5f,-0.0041f,0.3563f,-0.9344f,0f,0f,0f,0f,1f],start_interpolation: 0,interpolation_duration: 1}
$data merge entity $(bone_right_arm) {transformation: [-0.9851f,0.1719f,-0.0054f,-0.3125f,0.1623f,0.9187f,-0.36f,1.375f,-0.0569f,-0.3555f,-0.933f,0f,0f,0f,0f,1f],start_interpolation: 0,interpolation_duration: 1}
$data merge entity $(bone_left_arm) {transformation: [-0.9864f,-0.1622f,0.0255f,0.3125f,-0.1608f,0.9226f,-0.3506f,1.375f,0.0333f,-0.35f,-0.9362f,0f,0f,0f,0f,1f],start_interpolation: 0,interpolation_duration: 1}