# This file was generated by Animated Java via MC-Build. It is not recommended to edit this file directly.
$data merge entity $(bone_head) {transformation: [-0.9994f,-0.0193f,-0.0293f,0f,-0.0287f,0.93f,0.3664f,1.5f,0.0202f,0.367f,-0.93f,0f,0f,0f,0f,1f],start_interpolation: 0,interpolation_duration: 1}
$data merge entity $(bone_right_arm) {transformation: [-0.9856f,0.169f,-0.0049f,-0.3125f,0.1597f,0.9208f,-0.3559f,1.375f,-0.0557f,-0.3516f,-0.9345f,0f,0f,0f,0f,1f],start_interpolation: 0,interpolation_duration: 1}
$data merge entity $(bone_left_arm) {transformation: [-0.9873f,-0.1561f,0.0288f,0.3125f,-0.1563f,0.925f,-0.3463f,1.375f,0.0274f,-0.3464f,-0.9377f,0f,0f,0f,0f,1f],start_interpolation: 0,interpolation_duration: 1}