# This file was generated by Animated Java via MC-Build. It is not recommended to edit this file directly.
$data merge entity $(bone_head) {transformation: [-0.9985f,-0.0139f,-0.0536f,0f,-0.0331f,0.926f,0.3762f,1.5f,0.0444f,0.3774f,-0.925f,0f,0f,0f,0f,1f],start_interpolation: 0,interpolation_duration: 1}
$data merge entity $(bone_right_arm) {transformation: [-0.9861f,0.1662f,-0.0044f,-0.3125f,0.1571f,0.9228f,-0.3519f,1.375f,-0.0545f,-0.3477f,-0.936f,0f,0f,0f,0f,1f],start_interpolation: 0,interpolation_duration: 1}
$data merge entity $(bone_left_arm) {transformation: [-0.9882f,-0.15f,0.0321f,0.3125f,-0.1518f,0.9274f,-0.342f,1.375f,0.0216f,-0.3428f,-0.9392f,0f,0f,0f,0f,1f],start_interpolation: 0,interpolation_duration: 1}