# This file was generated by Animated Java via MC-Build. It is not recommended to edit this file directly.
$data merge entity $(bone_head) {transformation: [-0.997f,-0.0081f,-0.0774f,0f,-0.0374f,0.9219f,0.3856f,1.5f,0.0683f,0.3873f,-0.9194f,0f,0f,0f,0f,1f],start_interpolation: 0,interpolation_duration: 1}
$data merge entity $(bone_right_arm) {transformation: [-0.9865f,0.1634f,-0.0039f,-0.3125f,0.1546f,0.9247f,-0.3479f,1.375f,-0.0533f,-0.3438f,-0.9375f,0f,0f,0f,0f,1f],start_interpolation: 0,interpolation_duration: 1}
$data merge entity $(bone_left_arm) {transformation: [-0.9889f,-0.144f,0.0354f,0.3125f,-0.1474f,0.9296f,-0.3377f,1.375f,0.0158f,-0.3392f,-0.9406f,0f,0f,0f,0f,1f],start_interpolation: 0,interpolation_duration: 1}