# This file was generated by Animated Java via MC-Build. It is not recommended to edit this file directly.
$data merge entity $(bone_head) {transformation: [-0.9949f,-0.0018f,-0.1007f,0f,-0.0416f,0.9179f,0.3947f,1.5f,0.0917f,0.3968f,-0.9133f,0f,0f,0f,0f,1f],start_interpolation: 0,interpolation_duration: 1}
$data merge entity $(bone_right_arm) {transformation: [-0.987f,0.1607f,-0.0034f,-0.3125f,0.152f,0.9266f,-0.344f,1.375f,-0.0521f,-0.34f,-0.939f,0f,0f,0f,0f,1f],start_interpolation: 0,interpolation_duration: 1}
$data merge entity $(bone_left_arm) {transformation: [-0.9897f,-0.1381f,0.0386f,0.3125f,-0.143f,0.9318f,-0.3336f,1.375f,0.0101f,-0.3357f,-0.9419f,0f,0f,0f,0f,1f],start_interpolation: 0,interpolation_duration: 1}