# This file was generated by Animated Java via MC-Build. It is not recommended to edit this file directly.
$data merge entity $(bone_head) {transformation: [-0.9924f,0.0048f,-0.1233f,0f,-0.0456f,0.9139f,0.4033f,1.5f,0.1146f,0.4058f,-0.9067f,0f,0f,0f,0f,1f],start_interpolation: 0,interpolation_duration: 1}
$data merge entity $(bone_right_arm) {transformation: [-0.9874f,0.158f,-0.003f,-0.3125f,0.1496f,0.9284f,-0.3401f,1.375f,-0.0509f,-0.3363f,-0.9404f,0f,0f,0f,0f,1f],start_interpolation: 0,interpolation_duration: 1}
$data merge entity $(bone_left_arm) {transformation: [-0.9903f,-0.1323f,0.0419f,0.3125f,-0.1388f,0.9339f,-0.3296f,1.375f,0.0045f,-0.3322f,-0.9432f,0f,0f,0f,0f,1f],start_interpolation: 0,interpolation_duration: 1}