# This file was generated by Animated Java via MC-Build. It is not recommended to edit this file directly.
$data merge entity $(bone_head) {transformation: [-0.9893f,0.0118f,-0.1451f,0f,-0.0496f,0.9101f,0.4115f,1.5f,0.1369f,0.4143f,-0.8998f,0f,0f,0f,0f,1f],start_interpolation: 0,interpolation_duration: 1}
$data merge entity $(bone_right_arm) {transformation: [-0.9879f,0.1554f,-0.0026f,-0.3125f,0.1472f,0.9302f,-0.3364f,1.375f,-0.0498f,-0.3327f,-0.9417f,0f,0f,0f,0f,1f],start_interpolation: 0,interpolation_duration: 1}
$data merge entity $(bone_left_arm) {transformation: [-0.9909f,-0.1268f,0.0452f,0.3125f,-0.1346f,0.9359f,-0.3257f,1.375f,-0.001f,-0.3288f,-0.9444f,0f,0f,0f,0f,1f],start_interpolation: 0,interpolation_duration: 1}