# This file was generated by Animated Java via MC-Build. It is not recommended to edit this file directly.
$data merge entity $(bone_head) {transformation: [-0.9859f,0.0189f,-0.1661f,0f,-0.0533f,0.9063f,0.4193f,1.5f,0.1585f,0.4222f,-0.8925f,0f,0f,0f,0f,1f],start_interpolation: 0,interpolation_duration: 1}
$data merge entity $(bone_right_arm) {transformation: [-0.9883f,0.1528f,-0.0023f,-0.3125f,0.1448f,0.9318f,-0.3327f,1.375f,-0.0487f,-0.3291f,-0.943f,0f,0f,0f,0f,1f],start_interpolation: 0,interpolation_duration: 1}
$data merge entity $(bone_left_arm) {transformation: [-0.9914f,-0.1214f,0.0483f,0.3125f,-0.1305f,0.9377f,-0.3219f,1.375f,-0.0063f,-0.3255f,-0.9455f,0f,0f,0f,0f,1f],start_interpolation: 0,interpolation_duration: 1}