# This file was generated by Animated Java via MC-Build. It is not recommended to edit this file directly.
$data merge entity $(bone_head) {transformation: [-0.9822f,0.0261f,-0.1862f,0f,-0.0569f,0.9027f,0.4266f,1.5f,0.1792f,0.4295f,-0.8851f,0f,0f,0f,0f,1f],start_interpolation: 0,interpolation_duration: 1}
$data merge entity $(bone_right_arm) {transformation: [-0.9886f,0.1503f,-0.0019f,-0.3125f,0.1426f,0.9334f,-0.3292f,1.375f,-0.0477f,-0.3257f,-0.9443f,0f,0f,0f,0f,1f],start_interpolation: 0,interpolation_duration: 1}
$data merge entity $(bone_left_arm) {transformation: [-0.9919f,-0.1162f,0.0515f,0.3125f,-0.1266f,0.9395f,-0.3184f,1.375f,-0.0113f,-0.3223f,-0.9466f,0f,0f,0f,0f,1f],start_interpolation: 0,interpolation_duration: 1}