# This file was generated by Animated Java via MC-Build. It is not recommended to edit this file directly.
$data merge entity $(bone_head) {transformation: [-0.9593f,0.0083f,-0.2824f,0f,0.0036f,0.9998f,0.0169f,1.5f,0.2825f,0.0152f,-0.9591f,0f,0f,0f,0f,1f],start_interpolation: 0,interpolation_duration: 1}
$data merge entity $(bone_right_arm) {transformation: [-0.9904f,0.1379f,-0.0006f,-0.3125f,0.1312f,0.9412f,-0.3113f,1.375f,-0.0424f,-0.3084f,-0.9503f,0f,0f,0f,0f,1f],start_interpolation: 0,interpolation_duration: 1}
$data merge entity $(bone_left_arm) {transformation: [-0.9936f,-0.0904f,0.0678f,0.3125f,-0.1067f,0.9478f,-0.3006f,1.375f,-0.0371f,-0.3059f,-0.9513f,0f,0f,0f,0f,1f],start_interpolation: 0,interpolation_duration: 1}