# This file was generated by Animated Java via MC-Build. It is not recommended to edit this file directly.
$data merge entity $(bone_head) {transformation: [-0.9782f,0.0334f,-0.2051f,0f,-0.0602f,0.8992f,0.4334f,1.5f,0.1989f,0.4363f,-0.8775f,0f,0f,0f,0f,1f],start_interpolation: 0,interpolation_duration: 1}
$data merge entity $(bone_right_arm) {transformation: [-0.989f,0.148f,-0.0016f,-0.3125f,0.1404f,0.935f,-0.3258f,1.375f,-0.0467f,-0.3224f,-0.9454f,0f,0f,0f,0f,1f],start_interpolation: 0,interpolation_duration: 1}
$data merge entity $(bone_left_arm) {transformation: [-0.9923f,-0.1113f,0.0545f,0.3125f,-0.1228f,0.9411f,-0.3149f,1.375f,-0.0162f,-0.3192f,-0.9475f,0f,0f,0f,0f,1f],start_interpolation: 0,interpolation_duration: 1}