# This file was generated by Animated Java via MC-Build. It is not recommended to edit this file directly.
$data merge entity $(bone_head) {transformation: [-0.974f,0.0406f,-0.223f,0f,-0.0634f,0.8959f,0.4397f,1.5f,0.2177f,0.4424f,-0.87f,0f,0f,0f,0f,1f],start_interpolation: 0,interpolation_duration: 1}
$data merge entity $(bone_right_arm) {transformation: [-0.9893f,0.1457f,-0.0014f,-0.3125f,0.1384f,0.9364f,-0.3226f,1.375f,-0.0457f,-0.3193f,-0.9465f,0f,0f,0f,0f,1f],start_interpolation: 0,interpolation_duration: 1}
$data merge entity $(bone_left_arm) {transformation: [-0.9926f,-0.1066f,0.0574f,0.3125f,-0.1192f,0.9427f,-0.3117f,1.375f,-0.0209f,-0.3163f,-0.9484f,0f,0f,0f,0f,1f],start_interpolation: 0,interpolation_duration: 1}