# This file was generated by Animated Java via MC-Build. It is not recommended to edit this file directly.
$data merge entity $(bone_head) {transformation: [-0.9697f,0.0477f,-0.2398f,0f,-0.0663f,0.8928f,0.4456f,1.5f,0.2353f,0.448f,-0.8625f,0f,0f,0f,0f,1f],start_interpolation: 0,interpolation_duration: 1}
$data merge entity $(bone_right_arm) {transformation: [-0.9896f,0.1436f,-0.0011f,-0.3125f,0.1364f,0.9377f,-0.3195f,1.375f,-0.0448f,-0.3164f,-0.9476f,0f,0f,0f,0f,1f],start_interpolation: 0,interpolation_duration: 1}
$data merge entity $(bone_left_arm) {transformation: [-0.9929f,-0.1022f,0.0602f,0.3125f,-0.1158f,0.9441f,-0.3087f,1.375f,-0.0253f,-0.3135f,-0.9493f,0f,0f,0f,0f,1f],start_interpolation: 0,interpolation_duration: 1}