# This file was generated by Animated Java via MC-Build. It is not recommended to edit this file directly.
$data merge entity $(bone_head) {transformation: [-0.9653f,0.0545f,-0.2553f,0f,-0.069f,0.8898f,0.451f,1.5f,0.2517f,0.453f,-0.8552f,0f,0f,0f,0f,1f],start_interpolation: 0,interpolation_duration: 1}
$data merge entity $(bone_right_arm) {transformation: [-0.9899f,0.1416f,-0.0009f,-0.3125f,0.1346f,0.9389f,-0.3167f,1.375f,-0.044f,-0.3136f,-0.9485f,0f,0f,0f,0f,1f],start_interpolation: 0,interpolation_duration: 1}
$data merge entity $(bone_left_arm) {transformation: [-0.9932f,-0.098f,0.0628f,0.3125f,-0.1127f,0.9454f,-0.3059f,1.375f,-0.0294f,-0.3108f,-0.95f,0f,0f,0f,0f,1f],start_interpolation: 0,interpolation_duration: 1}