# This file was generated by Animated Java via MC-Build. It is not recommended to edit this file directly.
$data merge entity $(bone_head) {transformation: [-0.9611f,0.0611f,-0.2695f,0f,-0.0714f,0.8871f,0.4559f,1.5f,0.267f,0.4574f,-0.8482f,0f,0f,0f,0f,1f],start_interpolation: 0,interpolation_duration: 1}
$data merge entity $(bone_right_arm) {transformation: [-0.9902f,0.1398f,-0.0008f,-0.3125f,0.1329f,0.9401f,-0.314f,1.375f,-0.0432f,-0.311f,-0.9494f,0f,0f,0f,0f,1f],start_interpolation: 0,interpolation_duration: 1}
$data merge entity $(bone_left_arm) {transformation: [-0.9934f,-0.0942f,0.0652f,0.3125f,-0.1097f,0.9466f,-0.3032f,1.375f,-0.0332f,-0.3084f,-0.9507f,0f,0f,0f,0f,1f],start_interpolation: 0,interpolation_duration: 1}