# This file was generated by Animated Java via MC-Build. It is not recommended to edit this file directly.
$data merge entity $(bone_head) {transformation: [-0.9569f,0.0673f,-0.2825f,0f,-0.0737f,0.8847f,0.4604f,1.5f,0.2809f,0.4614f,-0.8416f,0f,0f,0f,0f,1f],start_interpolation: 0,interpolation_duration: 1}
$data merge entity $(bone_right_arm) {transformation: [-0.9904f,0.1381f,-0.0006f,-0.3125f,0.1314f,0.9411f,-0.3116f,1.375f,-0.0425f,-0.3087f,-0.9502f,0f,0f,0f,0f,1f],start_interpolation: 0,interpolation_duration: 1}
$data merge entity $(bone_left_arm) {transformation: [-0.9936f,-0.0907f,0.0675f,0.3125f,-0.107f,0.9476f,-0.3009f,1.375f,-0.0367f,-0.3062f,-0.9513f,0f,0f,0f,0f,1f],start_interpolation: 0,interpolation_duration: 1}