# This file was generated by Animated Java via MC-Build. It is not recommended to edit this file directly.
$data merge entity $(bone_head) {transformation: [-0.953f,0.0731f,-0.2941f,0f,-0.0757f,0.8824f,0.4643f,1.5f,0.2935f,0.4648f,-0.8354f,0f,0f,0f,0f,1f],start_interpolation: 0,interpolation_duration: 1}
$data merge entity $(bone_right_arm) {transformation: [-0.9906f,0.1365f,-0.0005f,-0.3125f,0.13f,0.942f,-0.3093f,1.375f,-0.0418f,-0.3065f,-0.951f,0f,0f,0f,0f,1f],start_interpolation: 0,interpolation_duration: 1}
$data merge entity $(bone_left_arm) {transformation: [-0.9937f,-0.0876f,0.0696f,0.3125f,-0.1045f,0.9486f,-0.2987f,1.375f,-0.0399f,-0.3041f,-0.9518f,0f,0f,0f,0f,1f],start_interpolation: 0,interpolation_duration: 1}