# This file was generated by Animated Java via MC-Build. It is not recommended to edit this file directly.
$data merge entity $(bone_head) {transformation: [-0.9493f,0.0783f,-0.3044f,0f,-0.0774f,0.8804f,0.4678f,1.5f,0.3047f,0.4677f,-0.8297f,0f,0f,0f,0f,1f],start_interpolation: 0,interpolation_duration: 1}
$data merge entity $(bone_right_arm) {transformation: [-0.9908f,0.1351f,-0.0003f,-0.3125f,0.1287f,0.9429f,-0.3074f,1.375f,-0.0412f,-0.3046f,-0.9516f,0f,0f,0f,0f,1f],start_interpolation: 0,interpolation_duration: 1}
$data merge entity $(bone_left_arm) {transformation: [-0.9938f,-0.0847f,0.0715f,0.3125f,-0.1023f,0.9494f,-0.2968f,1.375f,-0.0427f,-0.3023f,-0.9523f,0f,0f,0f,0f,1f],start_interpolation: 0,interpolation_duration: 1}