# This file was generated by Animated Java via MC-Build. It is not recommended to edit this file directly.
$data merge entity $(bone_head) {transformation: [-0.946f,0.083f,-0.3134f,0f,-0.0789f,0.8787f,0.4708f,1.5f,0.3144f,0.4701f,-0.8247f,0f,0f,0f,0f,1f],start_interpolation: 0,interpolation_duration: 1}
$data merge entity $(bone_right_arm) {transformation: [-0.991f,0.1339f,-0.0002f,-0.3125f,0.1276f,0.9436f,-0.3056f,1.375f,-0.0407f,-0.3029f,-0.9522f,0f,0f,0f,0f,1f],start_interpolation: 0,interpolation_duration: 1}
$data merge entity $(bone_left_arm) {transformation: [-0.9939f,-0.0823f,0.0731f,0.3125f,-0.1004f,0.9502f,-0.2951f,1.375f,-0.0452f,-0.3007f,-0.9527f,0f,0f,0f,0f,1f],start_interpolation: 0,interpolation_duration: 1}