# This file was generated by Animated Java via MC-Build. It is not recommended to edit this file directly.
$data merge entity $(bone_head) {transformation: [-0.9431f,0.087f,-0.321f,0f,-0.0802f,0.8772f,0.4734f,1.5f,0.3227f,0.4722f,-0.8203f,0f,0f,0f,0f,1f],start_interpolation: 0,interpolation_duration: 1}
$data merge entity $(bone_right_arm) {transformation: [-0.9911f,0.1329f,-0.0002f,-0.3125f,0.1267f,0.9442f,-0.3041f,1.375f,-0.0403f,-0.3015f,-0.9526f,0f,0f,0f,0f,1f],start_interpolation: 0,interpolation_duration: 1}
$data merge entity $(bone_left_arm) {transformation: [-0.994f,-0.0802f,0.0745f,0.3125f,-0.0987f,0.9508f,-0.2937f,1.375f,-0.0473f,-0.2993f,-0.953f,0f,0f,0f,0f,1f],start_interpolation: 0,interpolation_duration: 1}