# This file was generated by Animated Java via MC-Build. It is not recommended to edit this file directly.
$data merge entity $(bone_head) {transformation: [-0.9643f,0.0104f,-0.2646f,0f,0.0047f,0.9998f,0.0218f,1.5f,0.2648f,0.0198f,-0.9641f,0f,0f,0f,0f,1f],start_interpolation: 0,interpolation_duration: 1}
$data merge entity $(bone_right_arm) {transformation: [-0.9901f,0.1401f,-0.0008f,-0.3125f,0.1332f,0.9399f,-0.3144f,1.375f,-0.0433f,-0.3114f,-0.9493f,0f,0f,0f,0f,1f],start_interpolation: 0,interpolation_duration: 1}
$data merge entity $(bone_left_arm) {transformation: [-0.9934f,-0.0948f,0.0649f,0.3125f,-0.1102f,0.9464f,-0.3037f,1.375f,-0.0326f,-0.3088f,-0.9506f,0f,0f,0f,0f,1f],start_interpolation: 0,interpolation_duration: 1}