# This file was generated by Animated Java via MC-Build. It is not recommended to edit this file directly.
$data merge entity $(bone_head) {transformation: [-0.9406f,0.0904f,-0.3272f,0f,-0.0812f,0.876f,0.4755f,1.5f,0.3296f,0.4738f,-0.8166f,0f,0f,0f,0f,1f],start_interpolation: 0,interpolation_duration: 1}
$data merge entity $(bone_right_arm) {transformation: [-0.9912f,0.1321f,-0.0001f,-0.3125f,0.1259f,0.9447f,-0.3029f,1.375f,-0.0399f,-0.3003f,-0.953f,0f,0f,0f,0f,1f],start_interpolation: 0,interpolation_duration: 1}
$data merge entity $(bone_left_arm) {transformation: [-0.994f,-0.0785f,0.0757f,0.3125f,-0.0974f,0.9513f,-0.2925f,1.375f,-0.0491f,-0.2982f,-0.9532f,0f,0f,0f,0f,1f],start_interpolation: 0,interpolation_duration: 1}