# This file was generated by Animated Java via MC-Build. It is not recommended to edit this file directly.
$data merge entity $(bone_head) {transformation: [-0.9387f,0.093f,-0.332f,0f,-0.082f,0.875f,0.4771f,1.5f,0.3349f,0.4751f,-0.8137f,0f,0f,0f,0f,1f],start_interpolation: 0,interpolation_duration: 1}
$data merge entity $(bone_right_arm) {transformation: [-0.9913f,0.1314f,-0.0001f,-0.3125f,0.1253f,0.9451f,-0.3019f,1.375f,-0.0396f,-0.2993f,-0.9533f,0f,0f,0f,0f,1f],start_interpolation: 0,interpolation_duration: 1}
$data merge entity $(bone_left_arm) {transformation: [-0.9941f,-0.0771f,0.0766f,0.3125f,-0.0963f,0.9517f,-0.2916f,1.375f,-0.0504f,-0.2973f,-0.9535f,0f,0f,0f,0f,1f],start_interpolation: 0,interpolation_duration: 1}