# This file was generated by Animated Java via MC-Build. It is not recommended to edit this file directly.
$data merge entity $(bone_head) {transformation: [-0.9361f,0.0965f,-0.3382f,0f,-0.083f,0.8738f,0.4792f,1.5f,0.3418f,0.4766f,-0.8099f,0f,0f,0f,0f,1f],start_interpolation: 0,interpolation_duration: 1}
$data merge entity $(bone_right_arm) {transformation: [-0.9914f,0.1305f,0f,-0.3125f,0.1245f,0.9456f,-0.3007f,1.375f,-0.0392f,-0.2981f,-0.9537f,0f,0f,0f,0f,1f],start_interpolation: 0,interpolation_duration: 1}
$data merge entity $(bone_left_arm) {transformation: [-0.9941f,-0.0754f,0.0778f,0.3125f,-0.0949f,0.9522f,-0.2905f,1.375f,-0.0522f,-0.2961f,-0.9537f,0f,0f,0f,0f,1f],start_interpolation: 0,interpolation_duration: 1}