# This file was generated by Animated Java via MC-Build. It is not recommended to edit this file directly.
$data merge entity $(bone_head) {transformation: [-0.9366f,0.0953f,-0.3373f,0f,-0.0829f,0.8749f,0.4772f,1.5f,0.3405f,0.4749f,-0.8115f,0f,0f,0f,0f,1f],start_interpolation: 0,interpolation_duration: 1}
$data merge entity $(bone_right_arm) {transformation: [-0.9914f,0.131f,0f,-0.3125f,0.1249f,0.9453f,-0.3013f,1.375f,-0.0394f,-0.2987f,-0.9535f,0f,0f,0f,0f,1f],start_interpolation: 0,interpolation_duration: 1}
$data merge entity $(bone_left_arm) {transformation: [-0.9941f,-0.0762f,0.0772f,0.3125f,-0.0956f,0.9519f,-0.2911f,1.375f,-0.0513f,-0.2967f,-0.9536f,0f,0f,0f,0f,1f],start_interpolation: 0,interpolation_duration: 1}