# This file was generated by Animated Java via MC-Build. It is not recommended to edit this file directly.
$data merge entity $(bone_head) {transformation: [-0.9372f,0.0937f,-0.336f,0f,-0.0826f,0.8762f,0.4747f,1.5f,0.3389f,0.4727f,-0.8135f,0f,0f,0f,0f,1f],start_interpolation: 0,interpolation_duration: 1}
$data merge entity $(bone_right_arm) {transformation: [-0.9913f,0.1315f,-0.0001f,-0.3125f,0.1254f,0.945f,-0.3021f,1.375f,-0.0397f,-0.2995f,-0.9533f,0f,0f,0f,0f,1f],start_interpolation: 0,interpolation_duration: 1}
$data merge entity $(bone_left_arm) {transformation: [-0.9941f,-0.0773f,0.0765f,0.3125f,-0.0965f,0.9516f,-0.2918f,1.375f,-0.0502f,-0.2974f,-0.9534f,0f,0f,0f,0f,1f],start_interpolation: 0,interpolation_duration: 1}