# This file was generated by Animated Java via MC-Build. It is not recommended to edit this file directly.
$data merge entity $(bone_head) {transformation: [-0.938f,0.0915f,-0.3343f,0f,-0.0823f,0.8781f,0.4713f,1.5f,0.3367f,0.4696f,-0.8161f,0f,0f,0f,0f,1f],start_interpolation: 0,interpolation_duration: 1}
$data merge entity $(bone_right_arm) {transformation: [-0.9912f,0.1323f,-0.0001f,-0.3125f,0.1261f,0.9445f,-0.3032f,1.375f,-0.04f,-0.3006f,-0.9529f,0f,0f,0f,0f,1f],start_interpolation: 0,interpolation_duration: 1}
$data merge entity $(bone_left_arm) {transformation: [-0.994f,-0.0789f,0.0754f,0.3125f,-0.0977f,0.9512f,-0.2928f,1.375f,-0.0486f,-0.2985f,-0.9532f,0f,0f,0f,0f,1f],start_interpolation: 0,interpolation_duration: 1}