# This file was generated by Animated Java via MC-Build. It is not recommended to edit this file directly.
$data merge entity $(bone_head) {transformation: [-0.9391f,0.0888f,-0.3321f,0f,-0.0819f,0.8805f,0.4669f,1.5f,0.3339f,0.4656f,-0.8196f,0f,0f,0f,0f,1f],start_interpolation: 0,interpolation_duration: 1}
$data merge entity $(bone_right_arm) {transformation: [-0.9911f,0.1332f,-0.0002f,-0.3125f,0.127f,0.944f,-0.3046f,1.375f,-0.0404f,-0.3019f,-0.9525f,0f,0f,0f,0f,1f],start_interpolation: 0,interpolation_duration: 1}
$data merge entity $(bone_left_arm) {transformation: [-0.994f,-0.0809f,0.0741f,0.3125f,-0.0993f,0.9506f,-0.2942f,1.375f,-0.0466f,-0.2997f,-0.9529f,0f,0f,0f,0f,1f],start_interpolation: 0,interpolation_duration: 1}