# This file was generated by Animated Java via MC-Build. It is not recommended to edit this file directly.
$data merge entity $(bone_head) {transformation: [-0.9695f,0.0125f,-0.2447f,0f,0.006f,0.9996f,0.0272f,1.5f,0.245f,0.025f,-0.9692f,0f,0f,0f,0f,1f],start_interpolation: 0,interpolation_duration: 1}
$data merge entity $(bone_right_arm) {transformation: [-0.9898f,0.1425f,-0.001f,-0.3125f,0.1354f,0.9384f,-0.3179f,1.375f,-0.0443f,-0.3148f,-0.9481f,0f,0f,0f,0f,1f],start_interpolation: 0,interpolation_duration: 1}
$data merge entity $(bone_left_arm) {transformation: [-0.9931f,-0.0998f,0.0617f,0.3125f,-0.114f,0.9448f,-0.307f,1.375f,-0.0276f,-0.312f,-0.9497f,0f,0f,0f,0f,1f],start_interpolation: 0,interpolation_duration: 1}