# This file was generated by Animated Java via MC-Build. It is not recommended to edit this file directly.
$data merge entity $(bone_head) {transformation: [-0.9403f,0.0855f,-0.3294f,0f,-0.0813f,0.8834f,0.4616f,1.5f,0.3304f,0.4608f,-0.8237f,0f,0f,0f,0f,1f],start_interpolation: 0,interpolation_duration: 1}
$data merge entity $(bone_right_arm) {transformation: [-0.9909f,0.1344f,-0.0003f,-0.3125f,0.128f,0.9433f,-0.3063f,1.375f,-0.0409f,-0.3036f,-0.9519f,0f,0f,0f,0f,1f],start_interpolation: 0,interpolation_duration: 1}
$data merge entity $(bone_left_arm) {transformation: [-0.9939f,-0.0832f,0.0725f,0.3125f,-0.1011f,0.9499f,-0.2958f,1.375f,-0.0442f,-0.3013f,-0.9525f,0f,0f,0f,0f,1f],start_interpolation: 0,interpolation_duration: 1}