# This file was generated by Animated Java via MC-Build. It is not recommended to edit this file directly.
$data merge entity $(bone_head) {transformation: [-0.9418f,0.0817f,-0.3261f,0f,-0.0807f,0.8867f,0.4552f,1.5f,0.3264f,0.4551f,-0.8285f,0f,0f,0f,0f,1f],start_interpolation: 0,interpolation_duration: 1}
$data merge entity $(bone_right_arm) {transformation: [-0.9907f,0.1358f,-0.0004f,-0.3125f,0.1293f,0.9425f,-0.3083f,1.375f,-0.0415f,-0.3055f,-0.9513f,0f,0f,0f,0f,1f],start_interpolation: 0,interpolation_duration: 1}
$data merge entity $(bone_left_arm) {transformation: [-0.9938f,-0.086f,0.0706f,0.3125f,-0.1033f,0.9491f,-0.2977f,1.375f,-0.0414f,-0.3031f,-0.9521f,0f,0f,0f,0f,1f],start_interpolation: 0,interpolation_duration: 1}