# This file was generated by Animated Java via MC-Build. It is not recommended to edit this file directly.
$data merge entity $(bone_head) {transformation: [-0.9434f,0.0774f,-0.3224f,0f,-0.08f,0.8904f,0.448f,1.5f,0.3217f,0.4485f,-0.8339f,0f,0f,0f,0f,1f],start_interpolation: 0,interpolation_duration: 1}
$data merge entity $(bone_right_arm) {transformation: [-0.9905f,0.1373f,-0.0005f,-0.3125f,0.1307f,0.9415f,-0.3105f,1.375f,-0.0421f,-0.3076f,-0.9506f,0f,0f,0f,0f,1f],start_interpolation: 0,interpolation_duration: 1}
$data merge entity $(bone_left_arm) {transformation: [-0.9937f,-0.0892f,0.0685f,0.3125f,-0.1058f,0.9481f,-0.2999f,1.375f,-0.0382f,-0.3052f,-0.9515f,0f,0f,0f,0f,1f],start_interpolation: 0,interpolation_duration: 1}