# This file was generated by Animated Java via MC-Build. It is not recommended to edit this file directly.
$data merge entity $(bone_head) {transformation: [-0.9453f,0.0727f,-0.3181f,0f,-0.0792f,0.8946f,0.4398f,1.5f,0.3165f,0.441f,-0.8399f,0f,0f,0f,0f,1f],start_interpolation: 0,interpolation_duration: 1}
$data merge entity $(bone_right_arm) {transformation: [-0.9903f,0.1391f,-0.0007f,-0.3125f,0.1323f,0.9405f,-0.313f,1.375f,-0.0429f,-0.3101f,-0.9497f,0f,0f,0f,0f,1f],start_interpolation: 0,interpolation_duration: 1}
$data merge entity $(bone_left_arm) {transformation: [-0.9935f,-0.0928f,0.0661f,0.3125f,-0.1086f,0.947f,-0.3023f,1.375f,-0.0346f,-0.3075f,-0.9509f,0f,0f,0f,0f,1f],start_interpolation: 0,interpolation_duration: 1}