# This file was generated by Animated Java via MC-Build. It is not recommended to edit this file directly.
$data merge entity $(bone_head) {transformation: [-0.9473f,0.0675f,-0.3133f,0f,-0.0784f,0.8991f,0.4308f,1.5f,0.3108f,0.4326f,-0.8463f,0f,0f,0f,0f,1f],start_interpolation: 0,interpolation_duration: 1}
$data merge entity $(bone_right_arm) {transformation: [-0.99f,0.141f,-0.0009f,-0.3125f,0.1341f,0.9393f,-0.3158f,1.375f,-0.0437f,-0.3128f,-0.9488f,0f,0f,0f,0f,1f],start_interpolation: 0,interpolation_duration: 1}
$data merge entity $(bone_left_arm) {transformation: [-0.9933f,-0.0968f,0.0636f,0.3125f,-0.1117f,0.9458f,-0.305f,1.375f,-0.0306f,-0.31f,-0.9502f,0f,0f,0f,0f,1f],start_interpolation: 0,interpolation_duration: 1}