# This file was generated by Animated Java via MC-Build. It is not recommended to edit this file directly.
$data merge entity $(bone_head) {transformation: [-0.9494f,0.0621f,-0.308f,0f,-0.0774f,0.9039f,0.4208f,1.5f,0.3045f,0.4233f,-0.8533f,0f,0f,0f,0f,1f],start_interpolation: 0,interpolation_duration: 1}
$data merge entity $(bone_right_arm) {transformation: [-0.9897f,0.1431f,-0.0011f,-0.3125f,0.136f,0.938f,-0.3188f,1.375f,-0.0446f,-0.3157f,-0.9478f,0f,0f,0f,0f,1f],start_interpolation: 0,interpolation_duration: 1}
$data merge entity $(bone_left_arm) {transformation: [-0.993f,-0.1011f,0.0608f,0.3125f,-0.115f,0.9444f,-0.3079f,1.375f,-0.0263f,-0.3128f,-0.9495f,0f,0f,0f,0f,1f],start_interpolation: 0,interpolation_duration: 1}