# This file was generated by Animated Java via MC-Build. It is not recommended to edit this file directly.
$data merge entity $(bone_head) {transformation: [-0.9516f,0.0563f,-0.3021f,0f,-0.0763f,0.9089f,0.41f,1.5f,0.2977f,0.4132f,-0.8606f,0f,0f,0f,0f,1f],start_interpolation: 0,interpolation_duration: 1}
$data merge entity $(bone_right_arm) {transformation: [-0.9894f,0.1453f,-0.0013f,-0.3125f,0.138f,0.9366f,-0.322f,1.375f,-0.0455f,-0.3188f,-0.9467f,0f,0f,0f,0f,1f],start_interpolation: 0,interpolation_duration: 1}
$data merge entity $(bone_left_arm) {transformation: [-0.9927f,-0.1058f,0.0579f,0.3125f,-0.1186f,0.9429f,-0.3111f,1.375f,-0.0217f,-0.3157f,-0.9486f,0f,0f,0f,0f,1f],start_interpolation: 0,interpolation_duration: 1}