# This file was generated by Animated Java via MC-Build. It is not recommended to edit this file directly.
$data merge entity $(bone_head) {transformation: [-0.954f,0.0504f,-0.2957f,0f,-0.0752f,0.9142f,0.3983f,1.5f,0.2904f,0.4022f,-0.8683f,0f,0f,0f,0f,1f],start_interpolation: 0,interpolation_duration: 1}
$data merge entity $(bone_right_arm) {transformation: [-0.989f,0.1477f,-0.0016f,-0.3125f,0.1402f,0.9351f,-0.3254f,1.375f,-0.0466f,-0.3221f,-0.9456f,0f,0f,0f,0f,1f],start_interpolation: 0,interpolation_duration: 1}
$data merge entity $(bone_left_arm) {transformation: [-0.9923f,-0.1107f,0.0548f,0.3125f,-0.1224f,0.9413f,-0.3146f,1.375f,-0.0168f,-0.3189f,-0.9477f,0f,0f,0f,0f,1f],start_interpolation: 0,interpolation_duration: 1}