# This file was generated by Animated Java via MC-Build. It is not recommended to edit this file directly.
$data merge entity $(bone_head) {transformation: [-0.9564f,0.0442f,-0.2888f,0f,-0.074f,0.9196f,0.3859f,1.5f,0.2826f,0.3904f,-0.8762f,0f,0f,0f,0f,1f],start_interpolation: 0,interpolation_duration: 1}
$data merge entity $(bone_right_arm) {transformation: [-0.9886f,0.1502f,-0.0019f,-0.3125f,0.1425f,0.9335f,-0.329f,1.375f,-0.0476f,-0.3256f,-0.9443f,0f,0f,0f,0f,1f],start_interpolation: 0,interpolation_duration: 1}
$data merge entity $(bone_left_arm) {transformation: [-0.9919f,-0.116f,0.0516f,0.3125f,-0.1264f,0.9396f,-0.3182f,1.375f,-0.0116f,-0.3221f,-0.9466f,0f,0f,0f,0f,1f],start_interpolation: 0,interpolation_duration: 1}