# This file was generated by Animated Java via MC-Build. It is not recommended to edit this file directly.
$data merge entity $(bone_head) {transformation: [-0.9589f,0.038f,-0.2813f,0f,-0.0727f,0.9251f,0.3726f,1.5f,0.2744f,0.3777f,-0.8843f,0f,0f,0f,0f,1f],start_interpolation: 0,interpolation_duration: 1}
$data merge entity $(bone_right_arm) {transformation: [-0.9882f,0.1529f,-0.0023f,-0.3125f,0.1449f,0.9318f,-0.3328f,1.375f,-0.0488f,-0.3292f,-0.943f,0f,0f,0f,0f,1f],start_interpolation: 0,interpolation_duration: 1}
$data merge entity $(bone_left_arm) {transformation: [-0.9914f,-0.1215f,0.0483f,0.3125f,-0.1306f,0.9377f,-0.322f,1.375f,-0.0061f,-0.3256f,-0.9455f,0f,0f,0f,0f,1f],start_interpolation: 0,interpolation_duration: 1}